0 2 14 20
14 8 25 20
32 8 42 20
43 8 55 20
56 8 66 20
68 2 77 20
79 2 84 19
91 0 102 19
104 7 114 19
121 2 130 19
132 7 142 20
143 7 162 19
163 7 174 20
182 8 190 19
191 8 202 19
204 8 213 20
215 1 226 20
227 2 232 20
239 8 250 20
253 1 263 20
265 5 271 20
273 8 283 20
284 4 290 20
298 8 305 20
307 5 314 20
316 8 325 20
326 8 337 20
339 3 343 20
345 5 352 20
353 3 358 20
366 9 377 20
383 3 388 26
391 9 401 20
402 2 414 21
416 9 425 21
427 9 438 21
447 9 455 21
456 9 465 21
468 3 479 21
481 9 490 21
492 3 504 21
506 18 509 21
518 3 532 21
534 9 543 22
545 4 553 21
555 6 562 22
564 4 569 21
570 3 579 21
581 9 591 21
593 9 605 21
606 4 611 21
618 3 630 21
632 3 636 21
638 10 649 22
651 3 662 22
670 9 681 27
683 10 694 22
697 3 708 22
710 10 720 22
721 7 728 22
729 10 739 22
741 4 752 22
754 10 763 22
771 5 776 22
778 11 787 22
790 10 801 22
803 10 814 22
816 11 825 22
826 5 831 22
833 11 836 22
