0 2 5 25
7 7 18 20
19 1 30 20
32 8 44 20
45 7 56 20
57 7 65 20
67 4 74 20
75 7 84 19
84 8 96 19
97 6 108 19
109 7 120 19
123 7 141 19
152 7 170 19
172 7 182 19
183 4 190 19
191 7 202 19
204 0 216 19
217 7 228 19
231 8 249 19
251 8 254 19
265 7 276 25
277 8 287 20
288 7 300 20
302 8 312 20
313 8 321 20
322 3 327 20
329 9 337 20
338 8 347 20
350 8 368 20
369 8 380 21
391 8 402 20
405 2 416 21
418 9 426 20
427 9 437 21
439 3 451 21
451 9 462 21
463 9 475 21
486 3 497 21
498 9 507 21
508 9 519 21
520 4 525 26
536 3 548 21
550 4 554 21
556 6 563 21
564 9 575 21
576 9 587 21
589 9 599 21
609 8 620 21
623 2 634 21
646 4 654 21
667 9 678 21
680 9 689 22
690 9 701 21
703 4 707 21
709 4 717 21
719 9 729 22
731 18 734 21
745 4 756 22
756 10 767 22
769 9 778 22
780 3 791 22
793 4 798 22
808 4 819 22
821 5 826 22
827 7 834 22
845 4 856 22
857 11 868 23
869 5 874 28
877 6 882 23
891 5 896 29
898 10 908 23
919 11 930 29
933 11 944 23
946 15 952 18
