0 3 7 18
7 6 17 18
19 6 31 18
32 6 41 18
43 1 48 18
48 1 54 24
55 6 65 18
72 0 83 18
85 6 93 18
93 5 104 18
105 0 110 23
112 5 121 18
129 1 140 18
147 0 152 23
154 5 164 17
172 6 181 17
183 6 192 17
194 0 202 17
204 3 211 18
212 1 217 18
219 3 226 18
226 6 239 18
241 1 245 18
247 7 250 20
259 6 270 24
272 7 280 18
281 7 291 18
293 6 303 18
305 6 314 18
315 3 321 19
323 7 333 19
334 0 339 19
341 2 345 19
353 7 361 18
364 7 375 19
383 7 394 24
396 6 407 19
409 0 421 19
423 7 432 19
433 4 440 19
441 1 452 19
453 7 464 19
466 8 477 19
478 8 490 20
492 2 497 19
499 16 502 20
511 2 522 20
523 5 531 20
531 8 541 19
543 8 555 19
557 8 567 20
568 7 587 19
589 7 600 20
609 1 620 19
621 8 631 20
632 1 644 20
645 8 655 19
663 8 672 19
673 8 692 19
693 8 704 20
712 8 723 26
725 8 734 20
736 8 748 20
749 8 760 20
761 9 769 20
770 3 775 20
777 8 785 20
786 8 796 20
797 2 802 20
804 3 809 20
817 2 829 21
830 8 841 21
843 9 854 20
855 9 866 21
868 3 873 21
873 4 878 26
881 9 890 21
892 9 904 21
912 3 924 22
926 10 934 21
935 9 946 21
946 4 951 27
