0 7 11 25
13 8 24 20
26 1 38 20
39 8 48 19
49 4 56 19
57 1 68 19
69 7 80 19
81 8 92 19
92 7 104 19
106 2 111 19
112 1 124 19
132 1 143 19
145 2 150 19
151 4 158 19
159 6 170 19
172 7 183 18
183 7 193 19
202 0 208 23
211 2 218 19
221 2 232 19
239 2 244 24
247 7 256 19
258 7 266 19
274 7 286 19
287 8 297 19
298 3 306 19
308 8 317 20
326 8 337 25
339 7 350 20
352 8 360 20
362 9 373 20
375 2 386 20
387 8 397 20
405 3 410 20
412 8 430 20
431 9 442 21
449 6 456 21
457 9 468 21
470 3 475 21
477 4 482 21
483 3 494 21
495 9 506 21
515 3 526 21
528 4 533 21
535 6 542 21
543 9 554 21
555 9 566 20
567 9 577 21
579 2 585 25
588 17 591 20
600 3 614 21
615 9 625 21
627 6 634 21
635 4 640 21
642 9 661 21
669 4 674 21
675 9 683 21
685 9 697 27
698 9 709 21
711 3 724 21
731 9 739 22
740 10 751 21
753 9 762 21
764 3 775 22
776 10 787 22
790 10 801 27
807 4 819 22
821 5 826 22
827 7 835 22
836 10 846 22
854 10 866 22
868 10 877 22
878 10 890 28
892 5 896 22
898 5 907 22
908 11 918 22
920 10 938 22
940 10 951 23
