0 7 12 19
11 2 17 24
19 6 29 19
30 6 41 25
42 7 53 19
53 7 65 18
71 7 79 19
80 6 90 18
91 0 103 18
104 6 116 18
117 1 122 18
130 0 141 18
143 6 151 18
151 6 162 18
163 1 168 23
177 6 188 18
196 0 207 18
209 2 214 18
216 7 228 18
229 6 239 18
240 7 249 18
250 7 262 19
263 7 274 19
277 7 295 19
303 7 314 19
316 1 327 19
329 1 333 19
335 2 340 19
342 1 352 20
354 8 365 20
374 1 380 23
381 8 392 19
393 3 398 19
400 1 411 20
413 3 418 19
425 5 432 20
434 8 443 20
444 2 456 20
457 2 462 20
464 3 468 20
470 8 480 20
482 8 493 20
495 16 499 23
507 9 517 20
518 9 528 20
530 8 538 20
540 3 544 20
546 9 557 21
558 2 563 21
563 3 568 26
570 8 581 21
583 8 595 20
596 8 607 20
615 8 627 26
629 8 640 20
642 2 654 21
656 9 664 20
665 9 677 21
678 3 688 21
688 4 693 27
696 8 706 21
707 2 713 24
716 17 719 20
728 3 742 21
743 9 753 21
755 6 761 21
763 4 767 21
770 9 788 21
796 9 807 27
810 9 818 21
818 9 829 21
830 10 849 21
851 10 861 22
868 7 875 22
877 5 881 22
884 10 902 22
910 10 918 22
919 10 929 22
931 4 943 22
945 15 951 17
