0 7 11 19
13 2 18 19
20 7 39 19
47 1 59 19
61 7 69 19
69 7 80 19
80 2 86 24
87 7 97 19
98 6 109 18
110 2 115 18
117 6 135 18
137 6 146 19
157 7 168 18
169 4 177 18
177 7 188 18
190 7 198 19
199 0 210 19
212 7 223 19
223 2 229 24
231 6 242 19
243 7 262 19
263 7 274 19
284 7 295 25
296 1 308 19
307 2 313 25
315 7 325 20
335 8 343 20
345 8 354 19
364 8 376 20
378 8 387 20
389 1 393 20
395 8 405 20
407 8 416 20
417 8 428 20
437 9 447 20
448 9 458 20
459 3 468 20
469 6 476 21
478 3 483 21
484 6 491 21
493 9 505 21
506 4 511 21
521 9 531 21
541 9 552 26
553 2 565 21
565 4 570 26
573 8 583 21
593 8 604 26
607 8 618 21
620 2 632 21
633 8 643 21
644 6 651 21
652 3 663 21
664 9 675 21
677 9 688 21
689 9 701 21
703 4 707 21
717 3 729 22
731 4 735 21
737 6 744 21
745 9 756 21
757 10 769 21
770 4 775 21
777 18 779 21
791 3 793 9
795 4 811 22
813 3 815 9
825 9 836 22
838 10 847 22
850 10 862 21
863 11 873 23
875 5 884 23
886 10 895 23
896 10 907 22
909 10 918 23
929 4 941 22
942 11 951 23
