0 1 5 24
7 6 18 18
28 0 39 18
40 2 46 18
47 3 54 18
63 7 73 18
73 7 83 18
85 1 92 18
94 3 101 18
102 1 107 18
108 3 115 18
117 6 128 18
130 1 135 18
136 14 140 21
151 0 154 6
156 0 167 18
169 0 172 6
182 6 193 18
195 6 205 17
207 6 218 18
219 6 229 18
231 0 240 19
242 6 252 19
252 7 264 19
264 7 274 18
285 0 297 18
298 7 308 18
317 2 322 24
325 7 334 19
345 0 356 19
358 2 363 19
364 4 371 19
382 8 393 25
395 7 406 20
408 1 420 20
421 8 431 20
432 5 439 20
440 2 451 20
452 8 463 20
464 9 476 20
477 8 490 20
491 3 496 20
498 16 501 20
513 3 525 20
527 9 535 21
536 8 545 21
546 9 557 20
559 3 563 20
566 2 570 20
572 8 583 20
593 3 598 26
601 8 611 20
620 8 631 20
633 8 641 20
642 2 647 21
649 8 660 20
669 4 674 26
677 8 687 20
689 2 700 21
702 9 714 20
715 9 726 21
728 9 736 21
738 6 745 21
746 9 756 21
756 9 767 21
769 9 781 21
783 9 794 21
796 9 799 21
811 9 820 21
822 9 832 22
833 4 841 22
843 6 850 21
851 5 856 21
858 7 865 22
867 10 878 22
880 5 885 22
895 4 907 22
909 5 913 22
916 7 923 22
923 10 934 22
936 11 947 22
949 5 953 22
