0 7 8 19
10 7 21 19
31 7 42 19
44 7 55 19
57 2 61 19
71 0 82 18
83 2 88 18
89 3 96 18
97 6 108 18
109 7 120 18
121 1 126 18
136 0 147 19
147 6 158 19
159 1 164 24
167 1 172 19
183 7 193 19
203 7 211 18
213 4 219 19
221 7 233 19
234 7 245 24
248 7 257 19
259 7 271 19
281 2 285 19
287 8 295 19
297 7 308 25
310 8 321 20
323 1 335 20
345 8 353 20
354 7 365 20
365 2 377 20
378 8 388 20
398 1 404 24
406 8 417 20
427 9 437 21
438 9 448 21
450 9 458 21
460 4 465 20
465 10 477 21
478 3 483 21
483 4 488 26
490 9 501 21
502 9 514 21
516 9 527 21
529 9 548 21
558 9 569 27
572 9 583 21
585 2 597 21
599 9 607 20
609 9 620 20
621 3 631 21
632 4 637 26
639 9 651 21
652 2 658 25
669 4 674 21
676 9 695 21
696 10 706 21
706 4 711 26
714 10 725 21
735 9 743 21
744 9 754 22
757 9 775 21
776 9 787 21
797 4 801 27
804 10 814 22
816 4 828 22
830 10 842 22
843 10 855 22
863 6 868 28
871 11 881 22
883 4 895 23
896 5 901 22
903 11 915 22
917 6 921 23
923 10 933 23
935 11 946 23
949 19 951 22
