0 1 10 19
11 7 22 19
23 2 28 19
39 7 51 24
53 7 61 19
61 7 72 19
72 7 83 19
84 7 92 19
94 4 101 19
102 6 111 19
113 0 117 18
119 2 124 19
136 0 147 19
149 2 154 19
155 3 162 18
163 6 174 18
175 7 186 19
188 2 192 19
205 6 213 19
215 7 226 19
238 7 250 25
252 7 263 19
265 0 277 19
278 8 288 20
289 5 296 20
297 1 308 20
309 7 320 20
321 8 332 19
334 8 346 20
347 3 352 20
354 16 357 20
370 3 387 20
398 8 409 20
410 9 422 20
422 8 433 20
436 9 454 20
467 9 477 21
478 9 488 21
490 3 501 21
503 9 513 21
514 6 521 21
523 3 533 21
535 9 546 21
559 3 570 21
572 4 577 21
579 6 586 21
587 8 598 21
599 9 610 20
612 4 617 21
629 9 637 21
638 9 649 21
661 9 673 21
675 9 686 22
687 9 706 21
708 9 718 22
719 9 728 21
729 4 734 21
736 10 744 21
745 10 754 22
755 4 760 27
763 9 774 21
786 10 795 22
796 3 801 22
802 5 807 22
807 5 813 28
815 10 825 22
826 11 837 22
839 11 849 23
861 11 873 23
875 11 885 23
886 5 897 23
899 11 909 23
910 11 919 23
921 11 932 23
934 11 945 23
947 19 951 26
