0 2 11 20
13 8 21 19
22 8 34 19
35 3 40 20
48 8 56 20
57 7 68 20
68 1 80 19
81 7 91 19
92 0 104 19
112 7 123 25
125 7 133 19
134 2 139 19
141 7 152 24
154 7 163 19
165 1 177 19
179 7 188 19
197 7 209 25
210 8 221 19
221 8 230 19
231 3 236 19
237 4 245 19
246 8 256 19
257 4 264 19
266 8 278 20
280 3 284 19
286 8 305 20
313 2 325 20
326 3 331 20
333 5 340 20
341 8 352 20
354 8 365 20
366 3 371 20
373 8 392 20
393 9 403 20
412 9 423 26
425 9 436 21
438 9 449 26
452 9 459 21
460 9 470 21
472 3 482 21
484 9 496 21
497 9 509 21
511 9 522 27
530 9 542 26
544 9 553 21
555 9 563 21
565 4 570 21
572 6 579 21
580 9 590 21
592 6 599 21
600 9 610 21
612 17 615 23
624 9 634 21
643 10 653 21
654 10 664 21
666 3 678 21
679 9 691 21
692 4 697 27
700 4 704 21
713 9 721 21
723 6 730 21
731 9 743 21
744 9 756 27
758 10 768 21
769 9 779 22
788 10 799 27
801 10 809 22
811 5 816 22
818 10 829 28
831 11 841 22
842 4 854 22
856 10 866 22
875 10 887 27
888 10 898 22
900 10 908 22
910 6 915 22
916 8 923 23
924 10 935 22
936 7 943 22
944 15 950 17
