0 1 12 18
13 7 24 19
26 6 33 18
35 7 47 18
48 0 59 18
60 7 72 18
80 1 88 18
91 1 102 18
104 1 112 18
117 1 124 18
127 1 138 18
140 1 151 18
152 1 163 18
166 1 173 18
178 1 186 18
188 1 199 18
203 1 211 18
214 1 225 18
226 16 229 28
230 16 237 27
238 16 241 28
249 7 260 24
262 6 273 19
275 3 282 18
283 7 291 18
292 7 302 18
303 1 315 19
317 7 328 19
330 6 341 19
347 2 353 24
355 7 365 19
372 8 382 19
383 7 393 19
395 2 403 19
404 5 411 20
413 2 418 20
420 5 427 20
428 3 433 20
434 5 441 20
442 2 447 20
455 8 467 20
469 8 480 25
482 8 493 20
496 8 504 20
505 8 515 20
516 1 528 20
530 8 541 20
544 8 562 20
570 2 588 20
589 8 599 20
601 8 620 19
621 8 640 19
643 3 647 20
649 8 661 20
662 8 673 26
674 8 685 20
687 9 698 20
699 8 710 20
712 8 723 26
731 2 741 20
742 8 753 21
756 2 767 20
769 9 779 20
787 3 798 21
799 9 810 21
813 9 821 21
822 3 827 21
828 9 837 21
838 6 845 22
846 9 857 21
858 3 868 21
870 4 875 21
882 10 891 21
892 9 903 21
910 10 921 27
924 9 933 22
935 9 943 21
944 14 951 17
