0 5 12 17
14 1 19 17
21 6 39 18
47 6 59 23
60 5 70 17
72 6 80 18
81 1 86 17
87 2 94 17
95 4 105 17
106 2 113 17
114 5 125 17
127 5 145 17
148 13 150 16
160 0 174 17
176 5 186 17
187 2 194 17
195 0 200 17
202 5 221 17
230 5 241 23
243 6 251 17
252 6 262 17
264 2 271 17
272 6 283 23
285 5 296 18
298 6 306 18
308 3 315 18
316 6 325 18
326 6 338 18
339 1 344 18
345 3 352 18
354 6 363 18
372 0 384 18
385 6 394 18
403 4 410 18
412 2 417 18
416 2 422 24
424 7 435 19
436 1 446 19
448 7 459 19
461 7 480 19
489 7 501 25
503 7 510 19
512 2 517 19
517 2 523 24
525 7 535 19
537 7 548 19
551 7 562 19
564 7 572 19
573 7 583 19
592 4 599 19
600 7 610 19
612 0 624 19
624 8 635 19
636 7 646 19
655 8 664 19
666 7 676 19
677 2 685 19
687 4 694 19
696 2 700 20
702 2 712 20
713 7 723 20
725 8 737 19
738 7 748 19
756 8 768 25
770 7 781 20
784 8 792 20
794 8 805 20
807 2 818 20
819 8 829 20
838 9 850 20
852 9 860 20
861 2 866 20
868 3 873 20
873 3 878 26
880 8 890 21
892 2 904 21
913 2 925 21
926 4 930 26
933 8 943 20
945 13 951 16
