0 0 5 18
6 7 17 19
19 7 30 19
30 7 41 19
42 7 54 19
53 2 59 24
60 7 70 19
78 7 86 18
88 6 106 18
108 6 118 19
119 3 126 18
127 6 139 18
139 1 144 24
146 6 156 18
166 1 174 18
176 2 187 19
190 11 196 13
199 3 205 19
207 2 212 18
220 0 231 19
233 2 238 19
240 4 247 19
256 0 261 23
263 1 275 19
276 7 285 19
285 7 296 19
297 2 302 25
304 7 315 19
316 2 325 19
328 2 332 19
340 8 349 19
357 1 362 19
364 2 368 19
369 2 374 25
376 7 387 20
387 8 398 20
400 8 410 20
418 8 430 20
431 9 441 20
449 2 461 20
463 8 473 20
474 8 483 20
485 8 496 20
498 8 509 21
518 8 529 26
532 8 543 20
545 3 555 20
556 9 566 20
567 8 578 20
580 3 588 20
590 3 594 20
603 8 614 20
616 2 628 20
638 4 646 20
649 2 655 24
664 8 675 26
677 8 686 20
687 9 698 21
700 8 719 20
721 4 726 21
727 4 731 26
734 8 744 21
746 9 757 21
759 4 764 21
773 4 778 20
779 9 789 20
791 9 803 21
805 9 816 21
818 9 826 21
828 17 832 21
840 4 862 21
864 10 875 22
877 4 887 21
888 10 898 22
900 9 919 21
920 9 931 22
941 3 945 22
947 5 952 22
