0 7 11 19
13 4 19 19
21 1 31 19
33 7 41 19
43 2 47 19
49 4 55 19
57 2 61 19
69 0 80 19
81 7 91 18
97 1 102 24
105 7 114 18
121 0 133 19
134 6 145 19
147 1 155 18
157 0 161 18
163 6 174 18
182 0 193 18
195 7 206 19
214 7 225 24
227 7 238 19
240 7 251 25
253 7 261 19
262 7 271 19
273 1 281 19
283 1 294 19
295 7 305 19
313 8 324 19
331 8 343 25
345 8 353 20
354 3 359 20
359 3 365 25
367 8 377 20
379 8 391 19
392 8 403 20
405 8 413 20
415 8 427 20
428 16 431 23
439 3 445 20
452 8 471 20
472 8 483 20
486 3 495 20
496 9 507 21
509 9 528 20
529 8 540 21
548 2 553 21
555 4 560 21
568 4 573 21
574 9 582 20
584 8 595 26
598 8 606 20
607 8 617 20
617 9 629 20
630 3 635 20
636 5 644 20
645 3 650 20
657 9 669 26
670 8 681 21
684 8 695 27
697 9 705 21
705 9 715 21
717 4 725 21
727 3 738 21
739 9 751 21
753 4 761 21
769 4 781 21
782 9 793 21
795 3 806 21
807 10 817 21
819 4 829 21
830 5 835 22
837 7 844 22
845 10 855 22
862 7 869 22
870 9 881 22
885 18 887 21
