0 1 17 18
18 7 27 18
29 7 48 18
49 7 68 18
69 1 74 18
75 7 87 18
88 6 99 24
99 6 110 18
111 6 122 18
132 0 143 18
143 5 154 18
156 0 168 18
179 6 197 18
199 1 204 18
204 1 209 24
212 6 221 18
222 1 231 18
232 6 242 19
252 7 261 19
263 7 273 19
274 1 283 18
284 4 291 18
293 2 297 18
299 3 306 18
307 7 319 19
320 7 330 19
340 0 351 19
353 2 358 19
359 4 367 19
367 7 378 19
379 7 391 19
391 7 401 20
411 7 419 19
429 7 440 25
442 7 453 20
455 1 467 20
469 8 478 20
480 5 487 20
488 2 499 20
500 8 511 20
513 8 524 20
525 8 537 20
539 3 543 20
546 8 564 20
575 2 586 20
588 3 593 19
595 5 601 20
602 8 613 20
615 8 626 20
627 3 632 20
634 8 653 20
655 8 664 20
667 16 669 20
680 3 697 20
699 9 709 20
709 3 713 26
716 8 727 26
729 8 737 20
739 4 744 20
744 4 749 26
752 9 761 21
770 4 775 26
778 9 787 20
797 9 809 26
811 9 822 21
824 6 831 21
833 9 841 21
842 9 852 22
853 3 864 21
866 10 878 21
880 10 891 22
902 10 913 21
915 9 923 21
924 7 931 22
933 10 943 22
945 14 951 17
