0 7 11 19
13 7 24 19
25 7 36 19
37 2 42 19
43 4 51 19
51 2 56 19
66 0 77 19
77 6 88 18
90 0 95 18
97 2 102 18
103 0 113 18
114 6 125 18
136 1 146 18
147 6 156 18
167 6 177 18
178 6 187 18
189 1 197 18
199 3 206 18
207 1 212 18
213 1 223 19
224 7 234 19
236 7 247 19
249 7 259 19
270 7 278 19
279 2 283 19
284 2 289 25
291 7 302 19
303 2 312 19
323 2 327 19
330 7 348 19
350 7 359 20
361 5 368 20
369 3 374 20
385 2 396 20
398 3 402 20
404 5 411 20
411 8 422 20
423 8 435 20
436 8 445 20
456 3 461 20
472 2 483 20
484 9 494 20
496 2 507 20
508 8 519 20
530 2 540 21
541 8 551 21
561 9 570 21
571 8 581 20
591 8 602 20
605 9 617 20
618 3 624 20
634 9 642 20
643 9 653 20
655 3 664 20
666 9 677 21
679 9 691 21
692 9 702 21
704 6 711 21
712 4 717 21
719 17 722 21
733 3 754 21
756 9 767 21
769 3 778 21
779 9 789 21
791 9 810 21
811 9 822 21
833 10 842 21
843 10 853 22
863 10 875 27
877 10 888 22
890 10 898 22
900 4 905 22
907 10 918 22
920 4 930 22
932 5 937 22
938 7 945 22
947 5 951 22
