0 3 15 20
14 7 25 19
27 7 35 19
36 1 48 19
50 7 62 19
62 2 67 25
70 7 80 19
87 7 95 19
96 7 106 19
113 7 132 19
134 7 145 19
146 2 156 19
158 8 167 19
174 2 179 19
181 8 190 19
192 8 200 19
202 8 211 19
213 2 223 19
224 2 229 19
237 2 242 19
249 7 260 19
262 1 273 19
275 7 283 19
284 7 293 19
296 4 302 19
304 7 316 19
317 7 328 19
330 8 334 19
341 1 353 19
355 8 364 19
371 1 382 20
384 2 389 19
396 1 407 19
408 8 419 20
421 2 433 20
440 8 459 19
460 8 472 20
473 7 484 25
485 7 494 19
496 7 508 20
514 3 519 19
521 7 529 20
531 7 542 25
544 7 552 19
553 7 563 20
563 8 575 19
576 1 580 20
580 3 585 25
587 8 597 19
599 4 605 19
607 2 611 19
619 4 626 19
632 8 644 25
645 8 657 20
659 7 670 25
671 7 679 19
680 7 690 19
691 2 700 20
701 7 711 19
712 1 723 19
725 7 734 19
736 15 740 22
748 7 767 19
768 2 773 19
774 7 786 19
788 2 793 19
795 7 814 19
815 7 825 19
827 1 831 19
833 7 845 19
847 7 856 19
863 0 875 19
877 2 881 19
883 7 891 19
893 4 900 19
901 7 911 19
912 7 924 19
925 7 935 19
937 7 947 19
