0 1 17 19
18 0 29 18
31 6 42 19
50 6 58 18
59 6 69 18
77 6 89 24
91 7 100 18
102 0 113 18
120 0 131 18
132 6 144 18
145 7 154 18
155 1 160 18
161 6 169 18
171 3 177 18
179 1 185 18
191 6 203 18
205 6 215 18
216 7 228 24
230 7 239 18
241 7 250 18
251 6 263 18
265 1 269 19
277 6 289 24
291 6 300 18
302 7 310 19
312 1 317 18
318 3 325 19
326 7 336 19
338 3 344 18
346 14 350 21
358 4 364 18
366 7 375 18
377 0 389 18
391 7 400 18
407 7 419 24
421 7 430 18
432 7 440 19
441 1 446 18
448 4 454 19
455 6 465 19
467 4 474 19
475 6 487 18
489 2 494 18
501 0 512 18
514 1 519 18
520 4 527 19
535 7 553 19
555 6 566 19
567 7 576 19
577 7 587 18
594 7 604 18
605 7 615 18
616 0 628 18
629 6 641 18
641 7 653 18
653 7 665 19
667 0 671 18
672 1 677 24
679 7 689 18
690 7 701 18
702 6 711 18
713 3 719 18
722 1 726 18
734 1 739 19
740 6 750 18
752 6 760 18
761 6 770 18
772 6 782 18
784 7 787 18
