0 1 17 19
18 7 27 19
35 7 45 19
47 7 56 19
58 0 70 18
72 6 82 18
84 6 96 18
97 6 107 18
114 6 126 24
128 6 139 18
141 1 153 19
154 7 164 18
166 3 173 18
174 0 185 19
185 7 195 19
197 7 200 18
208 1 219 18
222 2 230 19
233 2 243 19
252 9 263 15
273 2 283 19
289 2 298 19
302 2 313 19
319 2 327 19
332 2 343 19
348 2 357 18
362 2 372 18
378 2 387 18
390 16 393 30
394 17 401 27
401 16 405 29
406 15 410 21
418 7 429 24
431 7 440 19
443 6 451 19
452 2 456 19
458 3 465 19
466 6 476 19
477 3 484 19
486 6 498 19
500 1 505 19
512 0 523 19
525 1 529 18
531 4 538 19
545 2 550 18
552 7 561 18
563 7 575 18
576 7 588 19
589 7 597 19
599 2 604 19
606 8 609 18
