0 4 7 19
8 7 18 19
24 2 29 24
32 7 42 19
50 1 61 19
61 7 73 19
75 1 87 19
90 7 101 19
103 7 113 18
120 7 128 19
130 2 135 19
136 2 140 24
142 7 152 19
154 1 164 19
165 8 169 19
179 3 188 19
193 3 202 19
208 3 217 19
222 3 232 19
238 3 247 19
252 2 262 19
268 2 277 19
281 2 292 19
298 2 306 19
316 0 322 23
324 7 336 25
337 7 349 19
350 1 362 19
363 7 373 19
376 7 384 19
385 4 392 19
393 7 403 19
405 7 417 19
423 2 428 24
430 7 440 19
447 7 458 25
460 7 469 19
472 7 480 19
481 2 486 19
488 5 494 19
495 7 505 19
507 5 514 19
515 7 527 19
529 2 534 19
540 1 552 19
554 2 559 19
560 4 567 19
568 1 574 23
576 16 580 19
