0 0 13 18
15 6 24 18
26 0 38 18
38 6 50 19
58 6 66 18
68 6 78 18
86 6 97 18
98 7 110 18
110 1 115 23
117 6 127 18
128 7 137 18
138 1 143 18
144 3 152 18
153 1 158 18
165 0 177 18
178 7 188 18
195 6 207 18
207 6 219 18
220 7 230 18
237 0 248 18
249 7 261 19
262 0 274 19
277 6 288 18
290 6 300 18
307 7 315 19
317 1 322 19
322 1 327 24
329 6 339 19
341 1 351 19
358 1 370 19
371 6 383 18
385 1 389 18
391 7 399 19
401 4 407 18
408 7 418 18
426 7 435 18
437 6 446 18
448 0 459 18
460 6 472 19
473 7 484 18
485 6 497 19
499 0 503 18
503 1 508 24
511 6 520 18
521 7 532 18
533 6 542 18
550 6 562 24
563 6 575 18
576 0 586 18
587 6 597 18
599 4 606 18
607 7 619 18
621 1 626 18
633 7 644 19
645 7 656 19
657 2 661 24
664 6 674 18
676 4 683 18
685 7 688 19
