0 2 5 19
7 7 16 19
19 7 38 19
40 7 49 19
52 1 64 19
65 7 77 19
84 7 93 19
94 6 106 19
107 7 118 19
119 1 132 19
132 1 138 19
140 0 153 19
160 1 172 19
173 7 186 19
186 2 192 19
192 2 198 24
201 7 213 19
221 2 226 19
228 7 235 19
238 7 249 24
251 7 259 19
260 7 269 19
270 7 281 19
283 7 295 19
297 2 301 19
303 0 315 19
322 0 334 19
334 7 346 19
348 1 360 19
361 7 373 19
375 2 380 19
382 0 394 19
401 8 409 19
410 2 415 19
416 2 420 25
423 8 432 19
434 1 444 18
446 2 450 19
458 7 477 19
478 7 490 19
491 7 499 19
501 7 510 19
518 1 529 19
530 2 535 19
537 4 544 19
545 2 550 19
556 1 570 19
577 5 588 19
596 2 606 19
608 4 615 19
622 7 633 19
644 2 651 19
654 16 658 19
