0 1 18 19
20 7 31 18
32 7 42 18
50 3 57 18
57 6 68 18
70 6 79 18
80 0 92 18
93 6 105 18
105 1 110 24
113 6 123 18
129 6 141 18
142 6 150 18
151 1 156 18
157 1 161 24
164 6 174 18
175 0 187 19
189 1 194 18
196 3 203 18
209 0 219 18
220 6 230 18
238 1 242 18
250 6 259 18
261 6 270 18
278 6 286 18
288 6 299 18
300 6 309 18
317 0 328 18
328 6 340 18
342 0 354 18
355 6 367 18
367 6 378 18
380 6 389 18
397 0 408 18
408 6 420 18
420 1 425 23
428 7 437 18
444 1 454 18
455 6 465 18
467 6 485 18
487 6 499 18
506 6 517 18
518 0 530 18
532 6 540 18
541 7 551 18
552 0 564 18
565 1 570 18
572 3 578 18
580 1 585 18
592 6 604 19
611 6 623 18
624 6 634 18
636 6 644 19
646 3 653 18
654 6 663 18
664 7 676 18
677 0 687 18
689 6 700 18
703 15 705 18
