0 1 19 20
21 1 32 19
33 4 40 19
41 7 51 19
52 4 60 19
69 2 80 19
82 3 91 19
94 2 104 19
113 7 125 25
127 7 139 19
140 4 147 19
148 8 156 19
157 7 167 19
168 1 180 19
181 7 193 19
194 7 206 19
214 2 219 25
221 7 231 19
240 7 249 19
252 7 261 19
263 1 271 19
273 4 279 19
281 2 286 19
288 4 294 19
296 2 300 19
303 4 309 19
311 2 315 19
324 7 336 25
338 7 347 19
349 7 357 19
359 2 364 19
365 4 372 19
373 8 383 19
384 4 391 19
393 8 405 19
406 2 412 19
413 8 432 19
440 1 452 19
453 2 458 19
460 4 467 19
468 7 479 19
481 7 500 19
508 7 520 19
522 7 531 19
540 7 552 20
553 7 565 25
566 7 578 20
580 7 588 19
589 7 598 19
600 1 611 19
613 7 624 19
633 7 644 25
646 8 656 19
658 8 666 19
668 8 680 19
681 7 693 19
694 7 705 25
713 7 725 24
726 7 736 19
738 7 746 19
747 2 752 19
754 4 760 19
762 7 771 19
773 4 780 19
781 7 790 19
793 15 796 19
806 1 824 19
825 0 836 19
837 2 842 24
844 7 854 19
856 6 863 19
866 6 878 19
880 2 884 19
886 4 892 19
894 2 899 19
908 6 919 19
920 7 932 18
932 7 942 19
942 2 947 24
