0 2 15 19
15 7 23 19
25 7 34 19
36 2 46 19
47 7 57 19
59 7 71 19
73 7 84 19
93 1 104 19
105 7 116 19
118 1 130 19
132 2 136 19
138 8 146 19
148 8 157 19
159 7 171 19
171 2 176 25
178 7 188 19
196 7 208 19
210 1 221 19
223 8 232 19
233 7 244 19
245 1 250 19
250 2 255 25
258 7 267 19
276 7 284 20
286 7 295 19
304 5 310 20
312 7 322 19
323 1 334 19
335 7 346 19
354 1 366 19
368 8 378 19
386 7 394 19
396 7 406 19
413 8 425 25
427 7 438 19
440 1 452 19
454 7 463 19
464 4 471 19
472 1 483 19
484 7 496 19
496 7 508 19
509 7 521 19
522 7 534 20
534 2 539 24
548 7 556 19
558 2 563 19
563 2 568 25
570 7 580 20
582 1 591 19
594 2 598 19
606 1 618 19
619 7 631 19
632 1 644 19
646 8 656 19
663 2 668 25
670 7 682 19
684 2 691 19
698 2 703 24
706 7 716 19
718 1 729 19
731 7 740 19
743 7 754 19
762 0 774 19
776 2 780 19
782 4 788 19
790 15 794 21
803 1 814 19
815 7 827 19
826 2 831 24
834 2 839 19
848 6 856 19
857 7 867 19
875 6 887 24
888 6 900 19
902 6 910 19
911 4 918 19
920 7 930 19
930 7 941 18
941 2 947 19
