0 7 12 19
14 7 23 19
32 7 44 19
46 7 58 19
59 7 71 19
80 7 92 19
93 7 101 19
102 1 107 19
108 2 113 25
115 7 125 19
126 0 138 19
140 6 152 18
153 7 165 19
166 7 175 19
176 4 183 19
191 8 203 19
205 7 215 19
223 0 234 19
235 7 247 19
247 2 252 24
255 7 266 19
275 1 279 24
282 7 291 19
300 7 309 19
312 2 316 19
317 2 322 24
324 7 334 19
336 0 340 19
342 7 351 19
360 0 371 19
372 7 384 19
385 1 397 19
399 7 411 19
412 7 422 18
431 7 439 19
440 2 445 19
446 2 451 24
453 7 463 19
464 1 474 18
482 4 490 19
491 7 499 19
500 7 510 18
512 1 521 18
521 7 532 19
533 7 546 19
547 7 559 19
559 7 571 25
579 7 591 24
592 7 601 19
603 7 611 19
613 2 618 19
619 4 626 19
627 7 637 19
639 4 645 19
646 7 656 19
659 15 662 19
671 1 688 19
689 0 700 19
701 7 713 19
720 1 725 24
727 7 737 19
746 7 758 18
760 11 766 14
768 0 780 19
781 1 786 19
788 3 795 18
796 7 808 19
810 7 819 18
828 7 840 24
841 6 853 19
854 0 867 19
868 6 878 18
879 3 886 18
887 0 899 19
899 6 911 19
912 6 923 18
925 6 936 18
938 6 947 18
