0 8 8 19
10 2 15 19
15 3 20 24
23 8 33 19
35 2 44 19
52 2 65 20
66 8 76 19
78 7 91 19
92 7 101 19
109 1 121 19
122 3 127 20
129 4 135 20
136 7 148 20
149 7 160 19
162 3 167 20
168 7 187 19
188 7 199 20
206 1 217 20
218 17 225 28
226 15 229 22
238 1 249 19
251 18 255 28
258 15 261 22
270 16 285 19
287 15 291 22
299 2 310 20
312 20 318 28
324 23 330 24
337 17 340 27
343 15 347 22
355 7 364 19
373 7 384 25
386 8 395 20
397 8 405 20
407 3 412 19
413 5 420 19
421 8 431 19
433 5 439 19
441 7 453 19
454 3 459 19
466 1 478 19
480 2 485 19
486 5 493 19
500 7 512 19
513 8 523 19
525 7 537 19
538 8 547 19
549 2 559 19
561 2 565 19
567 8 586 19
587 8 599 20
606 8 614 20
622 1 633 20
635 20 641 28
643 15 646 22
654 5 661 20
663 7 672 19
674 1 686 20
688 8 697 20
705 8 717 20
718 8 728 19
736 7 747 25
749 8 758 19
759 8 768 19
770 4 777 19
778 7 789 24
791 7 802 19
805 7 813 19
814 4 821 19
822 7 831 19
832 7 844 19
845 0 855 19
857 7 869 19
876 7 888 24
890 7 900 18
901 7 910 19
911 7 923 19
925 7 936 19
937 7 948 24
