0 2 12 19
14 7 25 19
27 4 34 19
35 8 43 19
44 7 55 19
56 1 67 19
69 7 81 19
83 7 94 19
103 2 108 25
110 7 121 19
131 7 142 25
144 7 155 19
157 7 165 19
167 1 172 19
173 7 183 19
184 4 191 19
192 2 197 19
208 7 219 19
220 1 232 19
233 7 245 19
246 7 257 24
259 7 271 19
273 7 284 19
295 2 303 19
306 2 317 19
326 1 337 19
339 2 344 19
345 3 353 19
353 7 364 19
365 7 376 19
378 7 388 19
397 0 408 19
409 7 419 19
420 0 431 19
432 7 443 19
453 1 465 19
466 2 471 19
472 7 481 18
482 7 501 18
503 6 514 19
525 6 543 18
545 6 556 19
558 7 569 25
571 0 575 18
577 2 582 18
592 7 600 18
601 2 607 18
608 7 619 24
620 7 632 19
634 7 642 19
644 7 656 19
658 6 669 19
679 6 690 24
693 7 701 19
701 6 711 19
713 7 725 19
727 1 731 18
732 2 737 24
739 7 749 19
751 3 758 19
759 2 764 18
775 2 783 18
786 2 797 19
806 0 818 19
820 2 825 18
826 3 833 19
834 6 845 19
846 6 858 18
859 6 869 18
879 6 890 24
892 6 903 18
905 6 913 18
916 6 927 18
929 0 940 18
940 6 951 18
