0 1 8 23
8 3 17 19
23 7 33 20
34 7 45 20
46 7 57 19
58 8 71 20
72 2 82 19
82 8 94 19
96 8 106 19
106 8 118 19
125 1 139 19
138 8 151 19
158 8 169 19
170 7 183 19
190 7 200 19
202 7 212 19
212 7 223 19
224 7 242 19
250 7 267 19
266 2 275 25
276 7 285 19
286 7 294 20
295 4 303 19
303 7 315 19
319 2 328 24
328 7 339 19
340 1 349 19
355 7 367 19
368 7 377 19
384 7 394 19
395 7 407 19
408 7 420 19
422 7 440 19
442 7 452 19
460 7 470 19
472 7 481 19
481 2 493 24
491 2 494 5
494 7 504 19
505 1 519 19
519 7 531 19
532 7 543 19
544 7 552 19
554 4 561 19
567 7 577 19
579 1 593 19
593 7 602 18
602 6 611 19
612 1 626 19
626 7 635 19
637 7 648 19
650 7 660 18
659 7 673 24
678 0 689 19
690 2 697 19
698 4 706 19
706 7 718 19
717 0 726 23
