0 3 15 21
18 2 23 24
27 4 35 20
37 2 43 24
57 3 61 20
64 8 82 20
84 9 93 21
107 4 115 20
129 8 140 21
153 8 163 26
166 9 175 20
177 5 184 20
185 8 196 20
198 8 217 20
230 1 235 24
236 8 246 20
248 8 257 20
259 2 271 20
272 8 284 20
284 3 289 26
291 7 301 20
303 8 322 20
323 1 329 24
342 8 350 20
350 8 360 20
362 4 369 20
369 1 381 19
382 8 393 20
395 16 398 20
410 3 427 20
438 5 445 20
446 8 457 20
460 8 478 20
490 8 499 20
500 8 509 20
511 4 518 20
519 2 530 20
532 7 543 20
557 3 565 20
579 3 584 20
585 8 605 20
606 8 616 20
616 3 621 25
624 8 635 20
646 3 651 26
654 8 665 20
667 2 675 20
687 3 692 20
705 2 716 20
718 1 724 24
726 2 736 19
738 1 743 24
746 16 750 22
762 2 775 19
777 0 783 23
784 2 795 20
796 0 802 23
805 16 808 22
821 2 833 19
836 1 841 24
842 2 853 19
855 1 861 23
864 15 867 22
