0 2 12 19
15 0 20 23
22 2 33 19
35 0 40 23
43 15 47 22
63 1 75 19
77 1 83 23
86 3 94 19
99 2 107 19
109 1 115 23
118 15 122 22
137 1 149 19
152 0 157 23
160 2 168 18
171 2 182 19
183 0 189 23
191 15 195 21
211 1 223 19
225 0 231 23
234 3 241 19
245 2 255 19
257 0 262 23
265 14 268 21
284 1 296 19
298 0 303 23
307 2 315 18
317 2 328 19
329 0 335 23
338 15 341 18
357 1 367 19
369 6 380 19
382 7 401 19
402 2 408 19
409 7 417 19
418 7 428 18
430 7 449 18
450 7 461 19
476 7 487 19
489 6 496 19
498 1 503 19
503 1 508 25
511 6 521 19
522 0 534 19
536 7 549 18
550 7 561 19
563 7 571 19
572 3 580 19
581 2 586 19
601 7 610 18
611 7 622 19
623 2 628 19
630 0 642 19
657 6 669 19
671 7 681 19
681 6 693 18
693 7 703 18
705 0 717 19
718 6 728 18
729 6 741 18
743 1 748 18
749 0 762 18
777 1 789 19
791 11 798 13
799 0 811 18
813 1 818 18
819 3 826 18
827 6 838 18
840 6 851 18
852 6 862 18
864 7 867 18
