1 2 9 18
19 7 31 19
40 2 51 19
60 6 71 19
81 2 89 19
100 7 111 19
119 1 131 19
139 7 151 19
159 2 170 19
178 6 190 18
199 2 208 19
217 6 229 18
238 2 246 18
256 6 267 18
275 1 287 19
295 6 313 18
315 6 326 18
327 0 340 19
347 1 358 18
366 9 377 15
385 2 397 19
404 7 424 18
425 6 436 18
438 0 450 18
457 2 468 19
477 9 488 15
497 1 509 18
510 14 513 21
521 3 528 18
529 6 539 18
546 1 551 24
553 6 563 19
571 0 587 19
589 0 595 22
598 2 606 19
609 0 615 22
624 9 635 15
643 1 655 18
657 15 660 18
668 0 685 18
687 6 696 18
704 6 713 18
714 6 724 19
731 3 738 18
740 6 748 18
749 6 759 18
761 0 771 18
772 1 777 18
785 6 797 18
798 7 808 18
810 6 821 23
824 6 833 18
835 6 843 18
844 6 854 18
856 6 868 18
