0 7 11 24
13 7 23 19
25 7 33 19
35 2 40 19
41 4 49 19
50 7 60 19
61 4 68 19
70 15 74 22
82 2 97 19
100 0 105 23
109 3 117 19
119 1 125 23
133 1 145 19
147 2 151 19
159 1 170 19
172 2 177 19
178 7 189 19
197 0 208 19
209 7 220 19
222 7 241 19
242 7 253 24
255 1 261 19
262 7 271 19
273 7 292 18
293 7 303 19
304 6 316 19
317 4 325 19
331 0 343 19
344 7 355 19
357 1 369 19
370 2 375 18
376 7 387 18
387 7 397 19
399 7 411 18
412 7 423 19
425 7 436 25
443 7 451 19
452 7 461 19
463 7 473 19
475 7 486 19
488 0 493 19
494 4 501 19
503 7 513 19
514 3 521 19
522 6 532 19
534 14 537 21
545 0 557 19
559 7 569 19
570 0 581 19
583 0 588 19
589 6 599 19
608 2 616 19
619 15 623 18
