0 2 16 20
18 1 24 24
25 2 36 19
38 1 44 24
56 2 62 19
63 7 82 19
83 7 93 20
106 3 114 20
126 8 138 20
148 2 158 20
159 7 169 19
170 4 178 20
178 7 190 20
191 7 198 20
200 4 207 20
208 7 219 20
221 7 240 19
251 1 257 23
259 7 270 25
272 8 280 19
281 8 290 19
292 1 304 20
305 7 315 19
317 7 326 20
328 0 340 19
341 7 353 19
353 2 358 25
360 7 370 19
372 7 390 19
391 0 397 23
409 8 417 19
418 8 428 19
429 4 436 19
437 1 448 19
450 7 461 20
463 15 466 19
478 2 495 20
505 4 512 19
513 7 524 19
527 7 545 19
556 7 565 20
566 7 576 19
577 4 584 20
586 1 597 19
598 7 610 19
622 2 630 19
643 2 648 19
650 7 668 19
670 7 680 19
680 2 685 25
688 7 699 19
709 2 714 25
716 7 727 20
729 1 738 19
749 2 754 19
764 2 776 19
779 0 784 23
786 2 797 19
799 0 804 23
807 15 810 21
821 1 834 18
837 0 842 23
843 1 854 19
856 0 863 23
864 15 868 21
