0 2 12 19
16 1 21 23
22 3 33 19
35 1 40 23
44 15 47 22
57 2 69 19
71 0 76 23
80 3 88 19
91 2 102 19
103 1 108 24
112 15 115 22
124 2 136 20
138 1 144 23
146 2 154 19
159 2 167 19
169 0 174 23
177 15 181 22
189 2 201 19
203 0 209 23
211 3 220 19
221 2 234 19
234 0 240 23
242 15 246 22
254 1 265 19
267 0 273 23
276 3 284 19
287 2 297 19
299 0 304 23
307 15 310 19
318 2 328 19
330 7 342 19
342 7 362 19
364 1 368 19
370 7 378 19
378 7 388 19
389 7 409 19
409 7 420 19
428 8 439 19
440 7 448 19
449 2 454 19
454 2 459 24
461 7 472 19
473 0 485 19
487 7 499 19
500 7 511 19
513 7 521 19
522 3 529 19
531 2 536 19
543 7 551 19
552 7 563 19
564 2 569 19
571 1 583 19
591 7 603 19
605 7 614 19
615 7 626 19
626 7 636 19
638 0 650 19
651 7 661 19
663 7 674 19
676 2 681 19
682 0 694 19
702 2 714 19
715 11 722 14
724 1 736 19
737 1 742 19
743 4 750 19
751 7 762 19
763 7 774 19
775 7 785 19
787 7 791 19
799 2 808 18
817 7 828 19
838 2 846 18
856 6 868 18
