2 3 10 20
19 8 31 20
39 3 50 20
58 8 69 21
77 3 88 21
96 8 107 20
115 3 126 20
135 8 146 20
155 4 163 20
171 8 190 20
192 8 203 20
205 2 217 20
224 3 235 20
243 10 254 17
262 3 274 20
281 8 299 20
300 8 311 20
313 1 325 20
332 3 343 20
351 10 363 16
370 3 381 20
382 16 386 23
393 5 401 20
402 8 412 20
417 3 423 25
424 8 435 20
442 2 458 21
460 1 465 24
466 3 477 20
479 1 485 24
494 10 505 17
514 3 525 20
527 16 530 20
538 2 554 20
556 8 566 20
574 8 581 20
583 8 593 20
601 4 608 20
609 8 617 20
619 8 629 20
630 2 640 20
642 3 647 20
654 8 666 20
668 8 677 20
680 8 691 26
692 8 702 20
704 8 712 20
713 8 723 20
725 8 736 20
744 8 755 25
757 7 767 20
768 8 777 20
778 2 783 19
785 4 792 20
793 8 803 19
804 4 811 19
813 15 817 22
824 2 840 19
842 1 848 23
850 2 861 19
862 0 868 23
