0 1 12 19
14 2 19 19
26 1 38 19
40 2 45 19
46 7 58 19
66 1 77 19
78 7 89 19
91 7 111 19
112 7 123 25
125 1 130 19
131 7 141 19
143 7 162 19
163 7 174 19
175 7 187 19
188 4 195 19
201 0 214 19
214 7 226 19
228 1 240 19
241 2 246 19
247 7 258 19
258 7 268 19
270 7 282 18
283 7 294 19
295 6 306 25
313 7 322 19
322 7 332 19
333 7 343 19
345 7 356 19
357 1 363 19
364 4 371 19
372 7 382 19
382 4 390 19
391 7 401 19
403 15 406 21
413 1 426 19
427 6 437 19
438 1 450 19
451 0 456 19
457 7 467 19
476 2 484 19
487 15 490 19
