0 1 5 24
6 7 15 20
16 3 22 19
20 7 34 25
34 7 46 19
48 7 57 19
58 7 69 19
72 7 82 20
90 8 101 19
109 8 117 19
119 7 137 19
140 2 144 19
146 7 154 20
156 1 160 19
162 7 174 20
182 7 201 19
202 7 213 19
214 7 225 25
227 7 239 19
240 2 250 19
252 8 264 19
265 7 276 19
278 7 286 19
288 4 295 19
296 2 301 19
309 2 313 19
314 7 323 19
324 6 335 24
338 7 345 19
346 7 356 19
356 7 368 18
369 1 373 19
374 2 379 24
381 7 391 19
393 7 405 19
404 2 409 24
412 7 421 19
427 2 432 25
434 7 445 19
446 1 458 19
459 7 471 19
473 7 484 19
486 7 494 19
495 4 502 19
504 7 512 19
514 6 525 18
527 0 538 18
539 7 549 19
557 7 568 24
570 6 581 19
583 6 594 25
596 7 604 19
605 7 615 19
616 1 625 19
626 0 637 19
638 6 649 19
650 0 655 23
658 15 661 18
