0 1 16 18
16 7 24 18
26 2 31 18
32 2 37 24
40 7 49 19
51 1 63 19
65 7 77 19
79 6 90 19
92 6 100 19
102 4 109 19
116 7 126 19
127 7 137 19
139 1 147 18
148 3 156 18
157 2 162 18
164 3 171 18
172 6 184 18
186 6 196 19
198 6 209 24
216 0 227 19
229 2 234 18
235 3 242 19
244 6 254 19
261 2 266 18
267 6 277 18
279 7 287 19
288 6 298 18
299 1 308 18
311 6 322 18
324 6 336 18
338 6 347 19
349 6 367 18
369 6 380 18
387 6 399 18
401 6 411 18
417 6 425 18
426 0 432 18
433 1 438 18
438 1 443 23
445 6 456 18
457 0 469 18
470 6 480 18
481 0 491 18
493 1 498 18
506 6 518 18
520 6 529 18
531 0 540 18
542 1 547 18
549 6 561 18
563 7 566 18
