1 2 13 19
15 7 23 19
24 7 35 19
38 7 49 19
51 7 61 20
62 1 75 19
75 6 86 19
88 7 106 19
108 7 119 19
126 7 138 19
144 4 152 19
153 7 162 19
163 1 175 19
176 1 182 19
183 2 188 19
189 7 199 19
201 2 206 19
213 0 219 23
221 6 230 18
231 7 241 19
243 7 251 19
253 2 257 19
258 7 269 18
270 0 275 18
275 1 280 24
283 6 293 18
294 6 306 18
307 6 318 19
325 6 336 24
338 6 349 19
351 0 364 19
365 7 373 19
374 6 386 19
387 1 397 19
397 2 402 24
405 6 415 18
416 0 422 22
429 6 440 18
443 6 455 18
456 6 466 19
466 1 471 24
479 6 487 18
488 7 498 19
499 0 512 18
513 6 523 18
525 0 536 18
543 7 554 18
561 0 572 18
573 7 585 19
586 1 591 24
593 6 603 19
605 6 623 18
630 1 635 18
637 6 645 18
647 6 658 24
660 6 671 18
673 0 686 18
692 3 699 18
700 6 708 18
709 6 719 18
721 1 731 18
731 6 741 18
743 6 755 18
757 6 768 18
769 6 781 24
787 6 797 18
798 6 808 18
809 0 818 18
820 3 828 18
828 1 832 18
834 2 842 18
843 5 854 17
856 6 867 18
869 6 880 24
