0 1 12 20
14 3 19 20
20 4 28 19
29 8 38 20
46 2 51 20
53 7 71 19
74 7 83 20
86 8 104 20
106 7 117 20
126 3 134 19
143 1 149 23
150 8 163 19
164 7 175 25
177 8 185 19
185 16 188 19
196 7 206 19
207 7 217 19
224 7 235 24
238 7 246 19
246 7 258 19
259 2 264 19
272 7 281 19
282 7 292 19
294 2 302 19
303 4 310 19
311 2 317 19
317 4 325 19
326 7 338 19
339 2 345 19
351 1 363 19
364 2 369 19
371 4 379 19
385 4 392 19
392 7 403 20
410 2 415 25
418 8 427 19
435 7 445 19
446 7 456 19
457 0 469 19
471 7 483 19
483 2 488 25
491 2 496 19
503 7 511 19
512 6 523 19
524 0 536 19
538 7 547 19
549 0 561 19
562 0 567 23
570 16 573 19
