1 3 12 21
14 8 25 20
27 8 46 20
48 8 57 20
66 8 85 20
86 8 98 20
100 2 112 20
114 8 125 20
127 1 131 20
133 8 144 20
152 3 163 20
172 1 177 23
179 3 187 20
189 5 196 20
196 8 208 20
215 3 220 25
222 8 232 19
239 7 249 19
250 1 261 19
262 7 273 19
275 2 280 20
280 8 291 20
293 7 302 20
303 1 308 19
309 7 319 19
321 8 333 19
334 4 342 19
342 8 354 19
355 8 366 20
375 7 386 19
388 8 399 25
401 7 411 20
413 7 420 20
422 7 432 20
433 7 442 20
444 2 449 20
449 3 455 25
457 2 462 19
471 2 477 19
477 7 485 19
486 1 498 19
498 1 505 19
502 2 511 25
512 7 524 19
525 2 535 19
535 3 541 20
543 8 553 20
554 7 564 19
573 3 579 19
579 1 586 19
587 3 593 19
594 1 600 23
608 4 615 19
617 7 628 19
629 7 640 25
648 1 659 19
661 2 666 19
667 4 675 19
676 7 685 20
693 7 702 19
703 7 713 19
721 7 728 19
729 7 741 19
742 2 747 19
749 7 768 19
776 6 787 24
789 7 800 19
803 0 815 19
817 7 826 19
827 3 834 19
836 0 847 18
848 6 859 19
860 7 872 18
873 11 879 14
