0 9 12 21
14 3 19 21
21 8 40 20
46 2 58 21
60 4 65 21
67 5 73 21
74 8 85 20
87 9 98 20
100 3 105 20
107 8 125 20
127 8 137 21
143 2 155 20
155 8 166 21
167 3 172 26
174 3 179 21
186 8 194 20
196 8 206 21
213 8 225 20
226 8 236 20
237 2 242 20
244 8 253 20
254 8 264 20
265 8 275 20
282 8 293 20
300 8 309 20
309 4 317 20
318 8 329 20
331 8 342 26
344 8 353 20
355 3 361 20
362 8 381 20
382 8 392 20
399 1 410 20
411 8 422 20
423 3 428 26
430 3 435 20
443 7 454 20
461 4 468 20
469 8 480 20
483 8 502 20
509 3 514 20
515 8 523 19
525 4 532 20
533 8 544 20
547 8 566 19
573 8 581 20
582 7 592 20
593 5 600 20
602 1 613 20
614 8 626 20
633 3 638 20
640 8 659 20
660 8 670 20
670 2 675 25
678 7 689 20
698 3 706 20
714 7 733 19
734 7 745 20
748 8 756 20
757 7 767 20
774 8 783 20
785 7 795 19
796 0 808 19
810 7 821 19
822 7 833 19
834 7 845 19
847 1 852 19
852 2 857 25
860 7 870 19
872 11 878 14
