0 8 12 19
13 8 22 20
24 5 31 20
32 3 37 20
45 4 52 20
53 8 61 20
62 8 72 20
73 2 83 20
85 7 95 20
96 8 108 20
110 2 115 20
123 7 134 25
135 8 146 19
147 8 155 19
156 2 162 19
163 4 170 19
171 8 180 19
182 4 190 19
197 1 202 24
203 1 215 20
217 7 226 19
228 1 239 20
240 1 245 19
246 7 256 20
258 15 261 22
269 1 280 19
282 2 287 19
288 4 295 19
296 2 301 19
308 2 319 19
326 7 336 19
337 7 347 20
354 7 365 25
367 7 377 19
378 7 386 19
388 7 400 19
402 2 407 19
414 7 425 25
427 7 437 19
439 7 447 19
449 2 454 19
455 4 462 19
463 7 473 19
474 4 482 19
484 15 487 21
495 7 506 19
508 0 520 19
522 7 534 19
535 7 546 19
549 7 557 19
559 7 571 19
573 7 584 19
593 3 601 19
610 7 620 19
621 7 631 20
639 7 651 19
652 7 662 19
664 7 675 25
677 7 686 19
688 7 696 19
698 7 710 18
711 1 716 18
723 6 735 24
737 7 747 19
748 7 756 18
758 2 763 18
764 3 772 19
773 7 782 19
784 3 791 19
792 0 798 23
801 15 804 18
