0 2 12 19
14 8 22 19
23 7 34 19
36 8 47 19
48 7 58 19
60 1 72 19
74 2 79 19
81 7 100 19
101 7 112 20
120 4 127 20
128 7 138 20
139 2 144 25
152 8 164 25
166 8 177 20
178 7 187 19
188 4 195 19
197 7 208 20
210 7 221 24
223 7 233 19
234 1 245 19
248 15 251 19
259 2 276 19
277 7 287 19
287 2 292 25
295 7 306 25
307 7 316 19
317 2 322 19
322 2 327 24
329 7 339 19
347 7 359 19
360 7 369 19
377 6 396 18
395 2 401 25
403 6 414 19
414 7 422 19
423 4 431 19
432 7 442 19
449 7 460 25
462 7 473 19
475 0 487 19
489 7 499 19
500 3 507 19
508 0 519 19
520 6 531 19
533 7 544 19
545 7 557 19
559 2 564 19
565 0 578 18
585 1 596 19
598 2 603 19
605 4 612 19
613 7 624 19
625 7 637 18
638 7 648 19
655 7 664 19
665 7 675 19
676 7 686 19
688 7 706 19
707 1 712 24
714 7 724 19
726 7 734 18
735 3 743 18
744 1 749 18
751 7 769 18
771 6 782 19
789 0 801 19
803 2 808 18
809 3 816 19
817 6 828 19
829 7 841 18
842 7 852 19
859 6 870 24
873 6 884 18
886 6 894 18
896 6 907 18
909 0 920 18
921 6 931 18
933 6 936 18
