0 1 17 19
25 7 36 19
37 7 48 19
49 7 60 20
63 7 81 19
89 7 99 19
101 7 110 19
112 1 123 19
126 7 135 19
137 4 143 19
145 1 156 19
158 7 169 19
177 7 188 24
191 7 202 19
204 1 215 19
218 7 227 19
229 4 235 19
237 0 247 19
249 6 260 19
261 7 272 18
274 6 286 18
288 7 297 18
306 6 314 18
315 1 319 18
320 1 325 23
328 6 338 18
339 1 349 18
358 1 361 18
364 6 382 18
385 7 394 18
402 0 414 18
421 8 432 15
441 1 452 19
461 0 472 18
474 1 478 18
481 3 487 18
489 6 500 18
501 6 511 18
514 6 523 18
526 14 529 20
538 0 549 18
552 7 560 18
561 6 572 18
573 1 578 24
587 6 596 18
599 6 608 18
610 0 615 18
617 1 621 18
624 0 635 18
637 6 648 18
651 6 658 18
661 6 672 18
675 1 680 18
681 0 693 18
701 0 712 19
715 1 719 18
721 4 727 18
729 6 740 18
742 7 753 18
755 6 764 18
772 7 781 18
789 9 800 15
810 2 818 18
822 15 825 21
834 4 841 18
842 6 852 18
859 1 863 24
866 7 876 19
885 7 896 19
898 0 909 18
911 7 922 18
924 7 935 24
938 7 949 18
951 7 961 19
