0 1 17 19
18 0 29 19
31 7 42 19
44 7 55 24
57 8 67 19
69 7 80 18
90 1 100 19
103 7 110 19
111 6 123 19
123 2 128 24
138 7 149 24
151 7 162 19
165 0 176 18
179 7 187 18
190 4 196 19
198 0 209 18
209 6 221 19
223 7 233 18
235 6 247 18
249 2 253 18
256 0 267 18
276 0 287 18
289 2 293 18
296 4 302 18
303 6 314 19
316 7 327 18
329 7 337 18
346 4 353 18
355 7 364 18
366 0 377 18
380 6 389 18
398 1 408 18
409 6 419 18
427 0 438 18
441 1 446 18
447 3 453 18
456 1 460 18
467 6 481 23
491 9 501 15
514 1 536 18
543 10 546 13
554 1 574 18
581 1 585 18
595 3 602 18
603 6 614 18
624 6 642 18
644 6 656 19
658 6 665 18
667 7 677 18
686 0 697 18
699 1 704 18
706 4 712 18
714 2 719 18
726 2 731 23
734 7 744 19
746 0 758 19
760 6 771 18
773 7 783 18
784 0 795 19
797 7 808 19
817 1 828 18
829 2 841 18
842 15 845 18
855 1 870 18
873 2 877 18
878 2 882 24
885 7 895 18
897 1 901 18
904 2 907 18
917 0 928 18
930 0 935 18
937 6 948 18
950 0 961 18
