0 7 11 20
13 2 23 19
25 2 29 19
32 5 38 20
39 7 51 20
58 2 67 19
69 7 79 19
86 1 97 19
100 2 104 19
106 4 112 19
114 2 118 19
126 1 138 19
140 2 144 19
147 7 165 19
167 7 177 19
179 7 191 19
192 8 202 19
204 2 208 19
209 2 214 24
217 7 226 19
234 7 246 18
254 10 265 16
274 1 280 22
284 2 307 19
312 7 323 19
333 2 340 19
344 1 350 22
358 11 361 14
370 1 375 22
377 1 396 18
402 7 414 19
424 2 432 19
435 1 441 22
444 16 447 19
455 2 468 19
471 7 478 18
479 7 491 19
491 2 496 24
505 7 515 19
516 7 526 19
528 0 533 18
535 2 539 18
541 1 553 19
555 7 567 19
569 7 577 19
579 7 590 19
593 2 597 19
600 1 611 19
619 1 630 19
633 2 637 18
640 4 646 19
647 7 659 19
660 7 670 19
672 7 682 19
690 4 697 19
698 8 708 19
710 1 721 19
723 8 733 19
739 2 744 25
747 7 757 19
764 8 773 19
781 10 792 16
803 2 826 19
831 7 843 19
850 2 870 19
877 7 888 19
898 3 906 19
910 16 912 19
