0 1 12 19
15 7 26 19
28 1 39 19
42 8 53 19
54 2 64 19
66 2 70 19
78 1 90 20
92 7 101 19
109 4 116 19
118 7 126 19
128 8 136 19
138 2 148 19
150 2 154 19
157 7 176 19
178 7 188 19
197 4 203 19
206 7 214 19
216 0 228 19
230 7 238 19
239 7 250 18
258 7 269 18
272 7 280 19
282 1 292 19
294 2 298 19
301 7 312 19
320 0 331 19
332 7 344 19
346 1 358 19
360 2 364 19
366 7 374 19
376 7 385 19
387 7 398 19
399 2 404 24
406 7 416 18
424 1 436 19
438 7 447 19
456 7 463 19
465 7 474 19
476 0 488 19
490 7 501 19
504 7 515 18
518 1 529 19
532 7 541 18
543 6 554 18
556 6 566 19
569 2 573 19
574 2 578 24
582 7 591 18
599 0 610 18
613 7 624 18
626 0 638 19
640 6 649 19
658 7 676 19
679 2 683 18
685 7 697 18
700 2 704 18
706 7 725 19
727 7 736 19
738 0 742 19
745 7 756 19
758 7 768 19
771 15 774 21
782 7 793 24
796 7 804 19
805 6 816 19
818 7 830 19
832 7 841 19
843 1 856 19
858 2 862 18
864 7 882 18
885 7 896 19
905 7 923 19
926 2 930 19
933 7 944 18
946 2 950 18
953 11 960 14
