0 7 19 19
21 7 32 19
34 8 53 20
60 5 67 19
68 8 78 19
85 1 93 19
93 8 104 19
106 7 117 19
120 1 130 19
131 7 141 19
144 2 148 19
148 2 153 24
156 7 166 19
173 1 184 19
185 7 196 18
198 2 202 18
204 2 208 24
211 7 222 19
229 7 239 18
242 7 251 19
253 7 260 19
263 2 267 18
268 2 272 24
275 7 284 19
286 1 297 19
299 1 304 19
306 2 310 19
318 0 324 22
328 1 350 18
355 2 359 19
365 2 384 19
384 1 390 23
393 15 396 19
404 2 420 19
426 4 434 19
435 7 446 19
453 7 461 19
463 7 474 18
476 7 484 19
485 1 496 19
499 7 510 19
517 1 526 19
528 7 538 19
540 7 558 18
561 7 573 19
580 7 591 19
594 7 603 19
603 2 608 24
612 7 623 25
625 7 632 19
635 2 639 19
640 2 645 25
647 7 657 19
664 7 674 19
676 0 680 19
683 2 687 19
689 7 708 19
710 2 714 19
717 7 728 19
731 2 735 19
737 7 745 19
747 7 756 19
758 4 765 19
767 2 771 19
776 2 781 24
784 7 794 19
796 0 808 18
810 7 822 19
824 7 835 19
842 7 853 20
856 1 867 19
874 8 884 19
886 8 896 19
898 8 905 19
908 2 912 19
912 2 917 24
920 7 930 19
932 1 943 19
945 0 950 19
952 8 961 19
