0 2 12 20
14 8 25 20
27 2 31 20
32 3 36 26
40 3 44 20
46 8 57 20
60 8 69 20
77 2 87 20
89 8 100 20
103 2 114 20
116 8 127 20
129 8 139 20
147 8 154 20
157 4 161 20
161 4 166 25
169 8 179 20
181 3 190 20
193 3 197 20
205 8 216 20
225 10 236 16
245 1 256 20
263 8 274 19
283 8 292 19
299 10 310 16
319 2 329 20
331 16 334 19
343 1 356 19
357 7 367 19
369 1 381 19
383 8 395 19
397 8 408 19
410 1 421 19
424 7 433 19
435 7 447 19
449 7 458 20
461 3 465 19
466 3 470 25
474 8 483 19
491 1 502 20
503 7 514 19
517 1 529 19
531 7 540 19
548 4 555 19
557 7 566 19
568 1 579 19
582 8 591 19
598 2 603 25
606 7 615 19
623 6 634 19
637 0 648 19
650 7 657 19
660 7 670 19
671 1 683 19
685 7 695 19
697 7 708 19
711 7 720 19
728 3 732 19
735 8 744 19
746 7 754 19
756 7 765 19
767 7 777 19
778 7 789 20
792 7 810 19
813 9 816 19
