0 2 18 20
20 8 30 20
32 8 41 20
42 3 47 25
57 2 67 20
68 8 79 20
82 1 93 20
102 7 113 20
115 5 122 20
123 1 134 19
136 7 144 19
146 3 150 19
151 7 162 19
164 8 173 19
182 7 190 19
191 7 202 18
204 7 213 19
215 1 226 19
228 7 239 19
246 2 251 24
254 6 264 18
266 0 277 18
280 7 291 19
293 7 304 19
306 7 314 19
316 4 322 19
324 7 332 19
334 7 345 19
347 0 358 19
360 7 371 19
380 7 391 25
394 7 405 19
406 7 417 25
419 7 427 19
428 7 438 19
440 2 447 19
449 1 460 19
463 7 474 19
476 15 479 22
489 2 493 18
502 7 510 19
511 7 522 19
524 7 533 18
535 0 547 18
549 2 553 18
562 7 574 18
576 7 586 18
588 7 599 24
602 6 611 18
613 7 621 19
622 7 632 19
635 7 646 18
655 0 666 18
669 7 677 19
678 7 689 19
690 2 695 24
705 7 716 25
718 7 729 19
731 7 742 25
745 7 752 18
753 7 763 19
765 1 773 19
774 7 784 19
786 0 796 19
798 7 808 18
811 16 813 18
823 1 838 18
840 7 851 19
853 1 864 19
874 7 886 19
888 7 897 19
906 7 925 19
927 7 938 19
940 1 949 19
951 7 961 19
