0 1 17 18
19 3 23 19
25 7 35 19
47 7 58 20
60 1 70 19
72 5 78 19
80 8 90 19
92 5 98 19
100 7 109 19
122 1 128 23
130 2 140 19
142 2 152 19
155 15 158 21
172 2 180 19
183 2 194 19
196 15 199 21
212 1 222 18
224 2 234 19
236 2 248 19
250 15 253 20
265 2 275 18
277 1 289 18
290 15 293 20
306 1 316 18
318 1 328 18
331 15 334 21
347 1 357 19
359 1 370 18
372 15 375 21
389 2 397 18
400 1 410 18
412 1 423 19
425 15 429 21
441 2 452 19
455 2 463 19
466 2 477 18
479 0 484 23
498 6 509 24
512 6 523 19
525 4 532 18
534 7 541 18
543 6 553 18
554 0 565 18
568 7 579 18
581 7 593 19
604 2 609 24
612 6 621 19
634 7 643 18
645 7 654 18
657 1 665 18
667 3 673 18
676 1 680 18
682 3 689 18
691 2 695 18
697 4 704 19
706 2 710 19
723 7 734 18
736 7 747 24
750 7 761 19
763 6 771 18
772 7 782 19
784 0 795 18
797 6 808 18
810 7 829 18
842 7 853 19
856 7 865 19
866 0 878 19
881 7 892 19
894 1 903 19
906 7 917 18
919 7 931 19
932 7 943 24
955 2 960 18
