0 8 11 25
13 8 24 20
27 8 37 25
40 8 47 20
49 8 59 20
60 3 69 20
72 8 83 20
85 8 97 20
99 8 110 25
117 8 128 25
131 8 139 19
142 7 149 19
152 3 156 19
158 4 164 19
166 7 175 20
178 5 184 20
186 8 195 19
204 1 209 23
211 1 222 19
223 7 235 19
237 7 244 19
247 2 251 19
253 7 261 19
263 4 269 19
271 2 276 19
277 4 284 19
286 3 291 19
299 7 309 25
312 8 321 19
323 8 331 19
333 7 345 19
347 2 351 18
360 7 371 25
373 7 382 19
385 8 392 19
395 2 399 18
400 4 407 19
409 7 418 19
420 4 427 19
428 1 434 23
437 16 439 19
449 2 461 19
463 7 470 19
473 3 477 19
485 4 491 19
493 7 504 19
507 7 525 19
528 7 537 19
545 4 552 19
555 7 562 19
563 7 573 19
575 0 585 19
588 8 597 19
605 1 617 19
618 7 629 19
631 7 639 19
641 2 646 19
648 7 655 19
658 4 664 18
667 2 671 19
673 4 679 19
681 2 686 18
694 4 700 19
703 7 712 19
713 1 725 19
727 7 736 19
737 7 747 18
755 7 767 19
769 7 779 19
780 2 789 19
793 2 797 19
799 7 810 19
818 1 829 19
831 7 842 19
845 1 856 19
859 3 863 19
865 7 873 19
874 7 883 19
886 7 897 19
898 2 903 25
906 8 915 19
923 1 934 19
936 7 947 19
948 2 952 24
956 2 960 19
