0 2 10 19
12 7 21 19
28 7 40 19
42 7 49 19
52 2 56 19
58 7 69 25
71 7 82 19
84 8 92 20
94 8 103 19
104 4 111 19
113 2 117 19
125 7 144 19
147 2 151 18
153 7 164 19
166 2 171 19
173 7 192 19
194 7 203 19
205 0 210 19
212 7 223 19
226 7 237 18
245 7 253 18
254 7 263 18
266 0 277 18
280 7 291 19
292 6 304 19
306 0 317 19
320 7 329 19
331 7 342 18
344 6 354 18
357 1 360 18
361 2 366 24
370 6 380 19
383 2 386 18
394 1 406 18
408 7 416 18
418 1 423 18
424 0 436 19
437 7 447 18
448 1 458 18
461 2 465 18
467 4 474 19
475 6 485 19
492 0 503 19
504 7 516 19
518 0 530 18
533 2 537 18
539 7 547 19
548 7 558 19
560 7 572 19
574 6 583 19
592 7 603 24
605 7 617 19
618 1 630 19
632 7 642 19
644 4 650 19
652 0 663 19
664 6 674 18
682 2 686 18
694 1 698 18
702 7 711 19
713 7 721 19
722 7 732 19
733 1 743 19
746 7 757 19
759 7 770 19
772 7 782 19
782 2 787 24
790 4 796 19
798 7 807 19
816 7 823 19
824 6 834 19
836 0 848 19
850 7 861 19
864 7 875 19
878 1 889 19
891 7 900 19
903 7 914 19
916 6 926 19
929 2 933 18
934 2 939 24
942 7 953 19
955 16 958 18
