0 2 17 19
20 3 24 19
26 8 35 20
43 1 54 20
55 7 66 19
67 3 71 25
75 3 79 19
87 1 98 20
100 7 111 20
113 1 124 19
127 3 131 19
133 7 141 19
142 8 152 19
154 7 172 19
174 7 185 19
194 7 201 19
204 7 212 19
215 7 223 19
225 4 231 19
232 7 244 19
244 2 249 24
252 2 256 19
264 7 273 19
274 7 284 19
292 7 303 19
305 1 316 19
324 2 335 19
343 11 346 14
355 2 365 19
374 9 385 16
394 1 405 19
406 2 418 19
425 1 436 19
439 2 443 19
446 4 452 19
453 7 465 19
466 7 476 18
478 7 487 19
490 15 493 19
502 1 520 19
522 7 533 18
534 7 544 18
544 2 549 24
559 7 571 18
573 2 577 18
580 7 589 18
598 6 609 24
611 6 623 19
624 4 630 19
633 7 640 18
642 6 651 18
653 1 665 18
667 7 678 18
680 6 691 19
698 2 703 24
706 6 716 19
724 7 735 24
738 7 745 18
746 7 756 19
758 7 766 19
768 0 772 19
774 6 785 19
787 2 797 19
799 2 803 18
805 4 812 18
814 2 818 18
827 7 838 19
846 1 856 19
859 1 864 19
866 7 877 19
879 1 890 19
898 1 909 19
911 2 915 18
917 4 924 19
926 7 937 19
938 6 949 18
951 7 960 19
