0 0 11 18
12 7 23 19
24 2 29 24
32 2 36 18
45 7 56 19
65 7 72 19
73 7 84 19
86 6 95 19
97 0 108 19
109 7 121 19
123 7 141 18
150 6 157 18
159 6 169 19
171 4 177 19
179 0 190 18
192 7 203 18
211 6 219 18
221 7 230 18
232 0 244 18
246 6 253 18
255 1 265 18
267 1 271 18
282 1 304 18
311 7 321 24
323 6 335 18
336 0 348 18
351 6 360 18
362 3 368 18
370 0 381 18
382 6 393 18
394 7 405 18
407 6 418 18
421 1 425 18
427 0 439 18
448 0 459 18
461 2 465 18
468 3 474 18
476 6 487 18
488 6 498 18
501 6 510 18
513 14 516 20
526 6 534 18
544 6 555 18
564 6 571 18
573 6 583 17
586 6 595 18
597 0 608 18
609 6 621 18
623 6 642 18
650 5 658 18
660 3 667 18
669 6 680 18
683 6 693 24
696 6 705 18
708 6 719 18
727 1 746 18
753 6 764 23
766 6 777 18
780 0 791 18
793 6 803 18
805 3 811 18
813 0 823 18
825 6 836 18
837 7 848 18
851 7 862 18
865 1 869 18
871 0 882 18
891 0 902 18
905 2 909 18
912 4 918 18
919 6 931 18
932 7 943 18
944 6 954 18
957 15 959 18
