0 3 13 27
17 20 23 26
34 2 55 26
58 9 72 26
75 0 87 27
90 4 100 26
102 1 111 26
112 4 123 26
124 9 143 25
145 8 162 25
172 0 189 26
190 9 207 26
210 0 228 25
230 1 239 25
240 9 253 25
255 8 270 25
272 9 291 25
290 1 299 32
302 9 317 26
320 19 325 25
336 1 356 26
359 9 371 26
373 9 390 26
391 2 399 33
402 9 417 25
419 10 435 26
437 9 455 26
457 2 465 26
475 9 487 27
490 10 508 26
510 9 522 26
524 5 535 26
537 9 552 26
552 10 568 26
570 3 578 26
581 21 586 27
597 2 620 26
623 10 637 26
640 2 657 27
659 10 674 27
676 2 694 27
696 10 708 27
710 2 727 27
729 3 737 26
747 1 764 27
766 10 783 26
785 2 803 26
805 10 822 27
824 10 840 26
841 2 849 26
852 20 857 26
