0 2 4 18
15 6 26 23
28 6 39 19
41 6 52 18
53 7 62 19
65 1 74 19
76 7 86 18
88 7 99 18
100 2 105 24
107 6 117 19
119 7 137 19
147 7 158 18
169 7 177 18
179 7 188 19
189 7 198 19
200 4 206 19
207 7 217 19
227 7 238 24
240 7 248 18
248 6 258 18
260 7 279 19
281 7 290 19
301 2 308 19
320 0 326 23
327 7 336 18
344 2 348 24
351 7 360 19
370 1 381 19
384 7 392 19
393 7 404 19
404 2 409 24
420 7 430 19
432 7 441 19
443 2 451 20
453 5 459 19
461 2 465 19
468 5 474 19
476 7 487 19
490 2 493 19
496 1 507 19
510 15 513 22
524 4 529 19
530 2 535 25
538 16 540 19
551 7 559 19
559 7 569 19
571 1 582 19
585 7 596 20
598 7 609 19
611 1 622 20
625 7 633 19
636 7 647 19
649 4 656 19
658 7 669 19
671 2 676 19
677 1 689 19
699 1 710 19
712 2 717 19
719 5 725 19
727 7 738 19
739 7 749 19
751 7 760 19
763 15 766 22
777 7 788 18
796 2 801 24
804 7 814 19
823 7 835 19
837 1 847 19
849 7 860 19
863 7 874 24
876 6 885 19
888 6 899 18
909 0 920 18
922 7 930 18
932 6 943 18
943 1 948 24
