0 2 10 20
13 3 17 20
20 5 26 20
28 8 38 20
40 8 51 20
52 8 62 20
64 2 70 24
72 17 75 20
85 3 102 20
104 8 115 20
117 16 121 23
130 8 139 20
141 9 150 20
152 2 164 20
165 9 176 20
178 9 187 20
189 2 193 20
194 3 199 26
202 9 212 21
213 3 218 26
221 8 232 20
234 3 243 20
245 3 250 20
258 9 269 20
270 8 280 20
281 2 286 19
288 4 292 20
294 2 305 20
306 8 317 21
318 4 323 26
332 9 340 20
341 8 351 20
353 3 364 21
366 8 378 20
380 9 391 21
393 2 404 20
408 9 417 20
419 9 430 20
432 9 441 21
444 4 448 21
449 4 454 27
457 4 461 21
463 17 467 23
476 2 486 21
488 9 499 21
501 3 512 21
522 9 540 21
542 9 553 21
554 4 564 21
565 9 575 21
584 9 595 21
597 6 603 21
605 3 615 21
617 9 625 21
627 4 631 21
632 9 643 20
645 9 654 20
656 6 662 20
664 4 669 20
677 4 682 20
691 4 695 21
697 9 705 21
707 9 718 26
720 9 728 21
730 9 738 21
740 9 750 20
752 2 756 20
757 3 762 26
765 9 774 20
776 5 782 20
784 4 788 20
797 3 807 20
809 8 818 20
820 2 831 20
840 0 846 26
849 2 855 24
857 8 868 19
878 13 890 15
901 4 908 20
912 2 917 24
920 3 927 21
929 3 940 20
942 0 948 25
