0 8 11 25
13 7 24 19
27 8 38 25
39 8 47 19
48 8 58 20
60 2 68 20
70 8 79 20
82 2 92 20
94 8 103 20
105 16 109 22
117 8 128 25
129 2 141 20
142 3 146 26
149 7 159 20
165 3 170 25
172 8 183 20
190 8 198 20
207 0 213 25
215 8 226 20
228 0 234 25
242 1 254 20
256 8 265 20
267 1 274 19
274 1 279 19
281 8 293 19
295 3 300 19
301 8 309 20
310 8 319 20
322 8 333 20
336 8 345 20
353 1 361 20
361 8 372 20
375 8 386 20
388 2 398 20
399 8 409 20
412 3 416 20
416 4 421 25
425 8 434 20
442 9 452 20
454 9 463 20
465 8 476 20
478 2 488 20
491 8 498 20
500 8 511 20
513 3 523 20
524 8 534 20
536 8 547 20
548 4 552 25
555 8 564 20
573 9 584 26
586 8 594 20
595 8 604 20
606 8 624 20
627 8 635 20
644 9 655 26
657 8 665 20
667 8 677 19
679 8 690 20
691 9 710 20
719 8 737 20
739 8 748 20
750 8 761 20
763 3 767 25
770 8 780 19
781 8 800 19
808 8 818 19
820 3 824 19
825 3 830 25
832 8 842 20
844 2 848 20
851 7 862 20
864 8 882 20
890 1 901 19
904 7 912 19
913 7 924 20
924 3 929 25
932 7 944 19
945 16 949 19
