0 1 16 18
24 6 35 18
38 6 47 18
50 1 57 18
59 6 69 18
72 6 90 18
98 6 109 23
111 6 119 18
121 1 125 18
128 6 146 18
147 1 151 24
154 6 164 18
166 6 174 18
176 6 187 18
189 14 192 20
200 0 211 18
213 6 221 18
222 6 233 18
234 1 239 24
248 6 259 23
260 6 271 18
273 6 284 24
286 6 294 18
294 6 304 18
306 1 314 18
316 7 325 18
327 0 337 18
339 6 348 18
356 0 367 18
369 6 380 18
380 1 385 24
388 6 397 18
405 0 416 18
418 6 429 19
430 0 442 19
450 7 469 18
471 7 482 19
484 1 493 19
494 6 504 19
512 6 523 19
525 4 531 18
533 0 543 18
545 7 552 18
554 1 559 18
561 4 567 18
569 2 573 19
581 2 586 19
594 2 598 18
600 6 608 19
610 7 621 24
623 7 631 18
632 7 641 18
642 6 653 18
655 1 660 18
662 4 668 19
670 2 674 18
682 2 686 18
689 6 698 18
701 6 712 18
714 6 724 18
726 6 734 18
736 1 741 18
743 7 746 18
