0 0 14 18
17 6 26 18
28 0 39 18
41 6 52 18
61 6 69 18
71 6 90 18
92 6 103 19
112 0 123 18
126 6 137 18
139 1 146 18
148 0 153 17
155 1 159 18
169 0 180 18
182 6 193 19
202 6 213 18
214 6 225 18
226 6 237 18
239 6 250 24
258 6 268 18
269 6 278 18
281 0 291 18
293 0 297 18
297 1 303 24
305 7 317 18
319 1 328 18
330 0 340 19
343 6 351 19
353 2 361 18
370 1 385 18
387 0 391 18
392 1 397 24
400 6 411 19
413 1 422 19
430 2 435 24
438 6 448 19
457 7 468 18
478 7 486 18
487 7 496 19
497 1 507 19
510 6 521 18
523 7 535 18
537 7 546 18
548 7 560 18
559 1 564 24
567 7 579 18
588 6 599 19
601 0 612 19
615 7 623 19
626 0 630 18
630 1 635 24
638 7 648 19
650 6 661 18
663 6 674 19
676 6 684 19
686 4 692 19
694 2 698 19
708 7 719 24
721 7 729 18
730 1 735 18
738 6 756 18
758 0 762 18
762 1 767 24
770 6 780 19
782 6 793 18
795 6 805 18
814 0 825 18
826 6 837 18
839 0 851 18
853 6 864 17
866 6 876 18
885 6 893 18
895 1 899 18
900 1 905 23
908 6 918 17
919 0 929 17
931 0 936 17
945 0 950 17
