0 7 7 19
9 7 20 19
22 7 31 19
33 0 44 19
45 7 54 19
64 7 82 19
85 7 96 19
98 7 108 25
110 7 121 19
123 1 132 19
134 6 144 19
152 1 157 19
158 7 166 19
169 7 180 24
182 7 190 19
192 7 200 19
201 7 212 18
214 7 225 19
227 7 236 19
245 1 255 19
257 7 268 19
270 0 281 19
284 7 295 19
296 7 306 19
315 7 322 19
324 2 328 19
329 2 334 24
336 7 346 19
348 2 357 20
360 2 364 19
366 15 369 21
378 7 389 25
390 1 401 19
402 2 407 25
410 7 419 19
427 8 435 20
437 7 446 20
456 7 466 19
468 1 480 19
482 8 491 19
494 1 497 19
498 2 503 25
506 7 516 19
518 7 529 19
531 7 542 19
544 7 552 19
554 4 560 19
568 8 576 19
578 8 586 20
588 2 597 19
600 7 610 19
613 7 624 19
627 7 636 19
644 1 655 19
657 7 666 19
668 7 679 20
686 1 698 19
700 7 708 19
709 7 720 19
721 2 725 24
734 8 742 19
744 7 753 19
755 7 765 19
767 1 771 18
773 2 777 19
779 1 788 19
791 2 795 19
798 4 804 19
806 2 810 19
812 0 824 18
832 1 843 18
846 2 850 18
852 4 858 19
860 7 871 19
872 6 883 18
885 6 894 19
897 15 900 18
908 1 925 18
926 0 937 18
939 6 950 18
