0 0 10 19
12 6 23 18
25 0 37 19
39 6 51 18
53 6 62 18
71 6 79 18
81 2 85 18
85 2 90 24
93 7 103 18
105 1 114 19
123 2 126 18
129 7 147 19
150 7 159 18
166 7 177 18
185 0 197 18
199 2 203 18
206 4 212 19
213 6 224 19
225 7 236 18
237 7 247 19
250 15 253 21
261 4 267 18
269 6 278 18
280 0 291 19
294 6 303 18
309 2 314 24
316 6 326 18
334 7 345 19
347 7 355 19
357 1 361 18
363 2 367 19
368 2 373 24
376 6 386 19
387 0 399 19
407 7 418 24
420 7 432 19
434 7 444 25
446 7 454 19
455 7 465 19
467 2 475 19
476 1 487 19
488 7 498 19
506 7 524 19
526 6 538 19
539 6 550 25
552 1 556 19
558 7 567 19
575 7 586 18
588 7 597 19
599 7 608 19
609 4 615 19
617 6 628 19
631 7 642 24
644 2 648 19
651 4 657 18
659 2 663 18
669 2 674 24
677 7 686 19
689 1 700 19
702 7 713 18
716 6 725 19
733 6 744 19
745 0 756 19
765 7 772 19
774 0 779 18
779 1 784 24
787 6 796 18
799 0 810 18
811 6 822 18
823 1 833 18
835 2 839 18
842 0 853 18
861 6 868 18
871 1 875 18
877 3 883 18
885 6 897 18
899 6 907 18
910 5 920 17
922 1 926 18
927 1 932 23
935 6 944 18
947 6 949 17
