0 7 11 24
13 7 21 19
23 7 34 19
36 7 55 19
57 2 62 19
62 2 67 25
70 7 80 19
82 7 93 19
94 2 99 25
101 7 111 19
113 7 124 19
127 7 138 19
144 2 149 25
152 7 161 19
170 7 181 19
183 7 194 19
196 1 200 18
203 7 212 19
219 1 230 19
232 2 237 19
239 4 245 19
247 7 258 19
259 7 270 18
272 7 280 19
283 15 286 21
294 7 305 24
308 7 316 19
317 7 328 19
330 7 348 19
350 2 355 19
355 2 360 25
363 7 372 19
375 7 386 19
387 2 391 25
394 7 404 19
406 7 417 19
424 2 429 25
432 7 441 19
448 3 453 24
455 7 465 19
467 1 478 20
481 7 490 19
492 7 503 19
512 1 523 19
524 2 529 19
532 4 538 19
540 15 543 22
551 16 565 19
567 15 571 21
579 8 590 25
592 8 600 19
601 8 612 19
614 7 633 19
635 2 639 19
640 2 645 25
648 7 657 19
659 7 671 19
670 2 676 25
678 7 688 19
690 7 701 19
704 7 714 19
720 2 725 24
728 7 738 20
745 7 753 19
754 7 765 19
767 2 772 19
773 1 784 19
793 7 804 18
812 0 823 18
825 2 830 18
832 4 838 19
840 6 851 19
852 6 863 18
865 6 874 19
877 15 880 18
