0 1 12 19
13 7 24 19
26 7 37 25
39 1 43 19
45 7 55 19
57 1 68 19
71 7 80 19
80 2 85 25
89 7 107 19
109 7 120 20
131 4 138 19
140 7 151 19
163 7 173 25
175 7 182 19
183 7 193 19
195 1 202 19
202 1 206 19
208 2 218 19
219 1 230 19
232 2 236 19
248 7 258 19
259 7 268 19
280 7 291 19
303 10 314 16
327 2 336 19
349 1 354 23
357 2 361 19
373 7 384 19
386 8 396 19
398 7 416 19
418 2 423 19
426 7 444 19
446 7 457 19
469 8 480 19
491 7 502 20
504 1 516 19
517 8 526 19
529 3 533 19
535 7 543 19
553 1 565 19
567 8 576 19
588 2 592 19
594 7 612 19
615 7 623 19
626 7 644 19
647 7 658 19
669 7 676 19
679 7 687 19
690 7 708 19
710 7 721 19
732 0 743 19
745 7 756 18
758 2 762 18
762 2 767 24
770 7 780 19
792 2 796 18
798 6 806 19
808 7 819 24
821 7 829 19
831 7 840 18
841 7 852 18
853 7 865 18
866 6 876 18
887 0 898 18
900 6 911 18
913 0 924 18
927 6 939 18
941 6 950 18
