0 0 15 22
16 9 26 21
27 6 35 21
37 5 41 21
43 10 51 21
54 4 58 21
61 14 66 16
69 3 80 21
83 4 87 21
89 6 95 21
98 9 109 21
112 4 116 21
129 10 140 27
143 9 154 21
156 3 167 21
169 9 178 21
181 7 187 21
188 9 197 21
200 3 210 21
225 5 232 21
235 4 246 21
250 5 257 21
262 5 269 21
284 10 295 27
297 9 308 21
311 7 317 22
319 10 327 21
327 9 337 22
338 3 349 22
352 10 363 22
365 10 376 22
387 4 393 27
396 10 405 22
419 10 428 22
430 10 439 22
441 5 449 22
451 7 457 22
460 5 464 22
466 7 472 22
474 5 479 22
481 7 487 22
489 5 493 22
507 3 517 22
519 10 530 22
532 4 543 22
546 10 557 22
559 10 577 22
590 10 601 22
604 14 609 17
612 10 620 22
622 7 628 22
630 10 638 22
640 10 651 22
653 4 664 22
665 10 676 22
678 10 688 28
701 11 712 28
715 10 725 23
728 10 738 22
741 10 750 22
751 10 762 22
763 4 768 22
768 5 773 28
776 11 785 22
787 10 799 22
799 5 804 28
807 10 816 22
829 4 835 26
837 10 849 22
851 10 860 22
873 10 884 21
899 12 909 18
924 5 933 22
936 4 941 26
945 18 947 22
