0 1 12 18
14 6 22 18
24 1 28 18
30 0 41 18
43 6 52 18
55 6 64 18
67 6 76 18
77 3 84 18
86 1 90 17
103 6 113 18
115 6 124 18
126 1 134 18
136 3 142 18
145 1 149 17
151 0 160 18
162 6 172 18
174 6 184 18
187 1 191 18
205 6 216 23
219 6 230 18
231 0 243 18
245 6 254 18
256 3 262 18
265 6 274 18
276 0 286 18
300 1 304 18
317 7 328 18
331 6 339 18
341 6 351 17
353 6 362 18
364 6 372 18
374 3 380 18
382 1 387 18
400 6 408 19
409 6 420 18
421 6 432 19
433 2 438 25
441 6 448 19
451 4 457 18
458 7 469 18
471 7 479 18
493 6 504 19
506 7 516 18
517 7 528 18
531 6 541 24
554 1 564 19
566 7 577 19
579 1 589 19
592 2 596 19
599 7 607 19
608 7 617 19
620 7 631 18
631 2 636 24
639 7 648 18
651 15 654 18
668 2 679 19
681 7 692 19
694 1 704 19
706 7 715 19
717 7 726 19
729 7 737 19
740 4 745 19
748 2 752 19
766 7 777 19
779 7 788 18
790 1 800 18
802 2 806 18
809 7 820 18
834 2 837 18
840 6 848 19
850 7 861 24
863 7 871 18
873 7 882 18
883 7 894 18
894 1 899 18
900 2 904 23
907 6 916 18
919 6 930 18
931 2 936 23
938 6 947 18
