0 0 17 18
20 6 31 23
34 1 38 18
40 6 47 18
50 6 59 18
62 6 72 18
76 1 80 17
90 6 97 18
99 5 109 18
118 0 129 18
131 6 142 18
144 0 155 18
165 6 173 18
175 6 185 18
187 6 195 18
196 6 203 18
206 3 212 18
214 6 223 18
224 6 235 17
236 6 245 18
255 6 267 18
277 6 287 18
290 6 299 18
299 1 305 23
305 1 310 23
314 6 323 18
324 0 336 18
339 6 350 18
352 6 363 19
365 6 373 18
375 3 381 18
383 7 392 18
393 7 404 18
406 6 417 18
419 1 424 18
425 2 429 24
432 6 441 19
452 7 470 18
472 7 483 19
486 6 496 25
498 6 509 18
511 1 521 18
522 6 532 18
534 15 537 21
547 7 558 24
560 7 568 18
570 2 573 18
583 1 593 19
594 6 603 19
606 7 625 19
626 7 637 18
647 0 657 19
659 6 670 19
672 0 683 19
693 7 704 19
706 0 718 18
718 2 723 24
726 7 735 19
737 0 748 18
751 6 762 18
764 6 775 18
777 6 796 18
806 7 825 18
826 7 837 18
839 1 849 18
850 6 859 19
869 0 880 18
882 6 893 18
894 0 906 18
908 1 913 17
915 6 923 17
924 6 933 18
935 3 941 18
943 1 948 18
