0 7 8 19
10 7 20 18
22 7 41 19
43 6 54 19
59 2 64 24
67 7 77 19
79 1 90 19
93 7 102 19
105 6 116 18
123 0 134 19
136 2 140 18
143 4 149 18
156 7 167 24
170 7 181 19
182 1 194 19
196 7 205 19
207 4 213 19
215 0 226 19
228 7 237 19
244 0 250 23
251 1 263 19
265 7 274 19
275 0 287 18
288 0 293 18
294 7 304 19
310 2 321 19
329 2 332 18
334 1 339 18
341 2 345 19
354 2 361 19
365 1 370 23
378 3 383 19
390 7 399 19
400 1 412 19
414 7 425 19
427 7 438 25
444 5 451 19
452 7 463 19
466 7 476 25
478 7 487 19
495 2 498 19
501 7 519 19
522 7 531 19
537 7 546 19
547 7 556 19
559 8 577 19
578 8 590 20
596 1 607 20
609 8 619 19
622 2 626 19
626 3 631 24
633 7 643 19
650 1 661 19
662 7 674 20
675 1 687 19
689 7 700 19
702 7 712 19
719 8 727 19
729 2 732 19
733 2 738 25
741 7 751 19
752 2 761 19
765 2 769 19
777 1 781 23
783 2 794 19
795 2 806 19
808 2 819 19
826 16 840 19
842 2 854 19
855 15 858 21
868 2 875 19
880 2 887 19
892 2 899 19
908 16 922 19
926 2 934 19
937 0 942 23
946 15 948 18
