0 1 16 18
18 6 27 18
29 0 40 18
42 0 46 17
48 6 58 19
60 14 64 21
73 7 83 24
86 6 97 18
99 0 111 18
112 6 122 18
124 3 130 18
132 6 141 18
143 0 154 18
161 1 172 18
180 0 190 18
192 7 203 18
204 0 216 18
218 1 223 18
225 6 233 18
234 6 243 18
251 6 259 18
260 6 270 18
277 6 285 18
287 6 296 19
304 7 315 18
323 7 334 19
337 7 348 18
350 1 354 18
356 6 365 19
368 15 372 21
379 6 389 18
397 7 408 24
411 7 421 19
424 1 435 19
438 7 447 19
449 4 455 19
457 7 466 19
468 0 479 19
488 2 495 18
504 7 512 19
514 7 523 19
531 7 542 19
549 2 553 24
557 7 566 19
567 1 579 19
581 2 585 18
588 7 598 19
601 2 605 19
607 6 617 19
619 7 628 19
631 16 633 18
