0 1 12 18
13 6 24 18
26 0 38 18
41 7 50 18
52 3 58 18
60 7 69 18
71 1 82 19
92 2 99 19
102 1 113 18
116 2 124 18
129 2 136 18
146 3 152 18
154 6 163 19
165 0 176 19
179 6 188 18
195 1 204 18
206 7 216 18
224 7 235 19
237 7 246 19
254 6 265 18
273 9 284 15
294 1 303 18
310 0 322 18
324 2 328 18
330 4 337 19
339 2 343 19
351 0 362 19
363 7 374 18
376 1 388 19
390 2 394 19
397 7 404 19
406 7 415 19
418 7 429 19
437 1 448 19
450 7 458 19
461 7 472 19
481 2 488 19
493 2 500 19
506 2 513 19
518 2 526 18
530 2 538 18
546 2 557 19
559 2 570 19
571 2 582 19
583 3 594 19
596 2 607 19
615 2 622 19
628 3 635 19
641 3 648 19
652 3 660 19
665 2 673 19
683 2 690 19
695 2 702 19
708 2 715 18
720 3 727 19
733 3 740 19
743 16 746 19
