0 1 13 19
15 6 25 19
27 0 38 19
40 7 52 19
54 7 65 19
68 0 79 18
82 7 91 19
94 7 104 18
106 6 116 19
118 2 122 19
123 2 128 24
130 7 140 19
148 7 159 19
160 7 171 18
172 7 183 19
186 7 196 25
203 1 214 19
215 6 226 19
228 1 240 19
242 2 246 18
248 7 256 19
258 7 266 19
269 7 280 19
281 2 285 25
288 7 297 19
304 2 309 25
311 7 321 19
328 7 338 18
340 7 348 19
350 1 353 18
356 7 367 20
374 7 384 18
386 7 395 19
397 1 401 18
404 2 408 19
410 1 421 20
423 7 432 19
434 8 438 21
446 7 458 19
460 8 469 19
472 2 475 19
478 7 496 19
498 7 508 19
510 8 513 19
