0 1 18 19
19 6 29 19
35 7 47 25
48 7 57 19
58 2 63 19
65 0 76 19
77 7 87 19
89 7 98 19
100 7 110 19
111 7 123 19
125 6 137 18
137 2 142 24
149 6 157 18
158 0 164 18
165 2 171 18
172 7 182 18
183 1 189 18
195 7 203 18
204 6 214 18
215 0 224 18
223 7 233 18
234 7 243 18
243 7 253 18
255 7 267 18
268 3 275 18
277 6 289 18
290 6 300 18
306 0 317 19
318 6 330 19
331 0 344 19
346 7 358 19
359 7 369 19
376 7 384 19
386 2 391 19
391 2 396 24
399 7 408 19
410 1 420 19
426 2 431 24
433 7 443 19
449 2 461 19
462 2 473 19
475 2 486 19
487 2 499 19
500 2 511 19
513 15 516 19
524 2 530 19
531 6 539 19
542 4 548 19
549 7 561 19
568 7 576 19
577 7 587 19
589 7 599 19
600 7 619 19
621 8 630 19
632 4 639 19
640 8 648 19
650 7 660 19
661 7 673 19
674 2 678 25
681 7 691 19
698 7 717 19
718 7 730 20
731 2 741 20
742 7 752 20
754 8 773 20
774 7 786 19
793 7 804 25
806 8 814 19
815 8 827 20
828 7 839 19
840 8 850 20
852 7 860 20
862 4 869 20
870 3 875 20
881 8 891 20
893 1 904 20
905 7 916 20
923 1 935 20
935 7 946 20
947 7 958 20
