0 1 9 19
11 4 17 19
18 7 29 19
38 7 47 19
49 7 67 19
69 7 80 20
89 2 94 19
96 7 108 19
110 2 115 19
116 7 126 19
128 2 133 19
133 2 138 25
140 7 150 19
152 0 157 19
158 7 171 19
172 7 183 19
193 2 198 19
207 7 218 19
220 4 227 19
227 7 239 19
240 7 248 19
249 1 261 19
262 2 268 19
269 1 274 19
276 2 281 19
282 15 285 19
295 1 313 19
313 7 325 19
334 7 345 19
354 7 362 20
364 1 369 20
371 7 383 20
384 2 394 20
396 8 406 20
406 3 411 25
414 7 425 20
435 4 441 20
443 8 451 20
452 7 464 19
466 7 474 19
476 4 483 19
484 7 492 19
494 7 505 20
508 1 519 20
520 7 530 20
539 7 550 25
552 7 563 20
565 7 577 26
578 8 586 20
587 8 597 20
599 3 607 20
608 2 620 20
620 8 631 20
640 13 651 15
661 3 673 21
673 8 685 21
686 3 699 21
707 4 717 21
718 9 729 21
737 10 747 21
749 10 759 21
760 3 772 22
773 9 783 21
784 9 794 21
796 9 806 21
807 6 814 22
816 4 821 22
823 18 826 22
836 4 854 22
855 10 865 22
867 5 872 22
873 10 892 22
894 9 904 21
906 17 909 24
919 7 925 22
927 10 937 21
938 4 950 22
952 10 961 22
