0 0 10 18
11 6 20 18
29 6 40 19
42 0 54 19
56 7 65 19
67 0 72 19
72 1 77 24
80 7 89 18
91 7 103 18
105 6 116 19
118 6 126 19
128 3 134 18
142 6 154 24
156 6 164 18
165 1 170 18
172 6 191 18
193 0 198 19
198 2 203 24
205 6 216 19
217 7 230 19
231 7 240 19
249 6 257 18
259 2 264 19
263 2 268 24
271 7 281 18
283 1 293 18
294 2 299 18
307 0 318 18
320 1 325 18
327 3 334 18
335 1 340 18
349 7 368 19
369 7 379 19
381 7 394 19
394 2 398 24
401 7 411 19
419 0 431 19
432 7 444 20
452 7 464 19
466 7 478 19
479 7 490 19
497 1 510 19
512 7 520 19
521 7 533 19
535 7 546 25
547 7 556 19
565 1 576 19
577 7 588 20
590 1 602 20
604 7 616 19
618 8 628 20
635 8 644 20
645 3 650 20
651 3 656 25
659 9 668 20
670 3 680 20
682 3 688 20
688 16 692 23
701 4 706 21
714 4 719 21
721 8 729 21
731 8 742 26
744 9 752 21
754 9 764 21
765 9 776 21
777 2 781 21
782 4 787 26
789 9 799 21
801 9 814 21
814 4 819 26
821 9 831 21
840 9 851 27
853 9 865 22
866 9 878 27
879 9 887 21
888 9 898 21
900 4 908 21
909 3 921 21
921 9 932 21
939 4 950 21
950 9 961 21
