0 7 10 19
12 7 22 19
23 0 34 19
36 7 45 19
47 7 57 20
58 7 68 19
69 4 76 19
78 2 83 19
90 0 96 23
98 8 108 19
109 1 121 19
122 7 134 19
135 7 146 25
153 2 162 19
164 7 174 19
175 7 187 25
188 7 197 19
205 7 213 20
215 7 234 19
236 7 247 20
254 2 259 20
267 2 272 20
274 8 283 19
285 8 293 19
294 8 304 19
305 1 316 19
317 1 323 19
324 3 329 19
336 5 343 20
343 8 355 20
356 8 365 20
366 2 378 20
380 8 392 20
392 2 397 25
400 7 412 20
420 1 431 20
433 8 442 20
450 1 461 20
463 8 474 20
476 2 488 20
496 8 507 26
510 8 521 20
523 8 534 20
537 8 547 19
548 2 560 20
562 8 571 20
573 8 586 20
587 8 599 21
606 3 611 21
613 8 621 21
622 9 634 27
636 9 644 21
646 9 655 20
655 9 667 21
668 2 673 21
673 4 678 27
681 9 691 21
698 3 710 22
711 9 723 22
730 3 742 22
743 10 755 21
756 5 761 22
762 5 767 27
769 9 779 22
786 10 798 28
800 10 812 22
813 10 825 28
827 10 835 22
836 10 846 22
847 4 855 23
857 3 868 22
869 9 879 22
881 4 887 26
889 19 893 22
