0 0 18 18
20 6 31 23
34 0 43 18
44 5 55 18
56 6 68 18
70 1 74 18
76 2 83 18
84 6 95 18
107 6 118 17
118 6 127 18
129 1 134 18
134 1 139 24
141 6 151 18
153 0 165 18
167 1 172 18
183 6 191 18
193 0 197 18
198 1 203 23
205 6 215 18
217 0 229 18
230 6 240 18
242 0 252 18
254 6 263 18
274 3 282 18
282 6 293 18
294 6 303 18
303 0 315 18
317 7 329 18
329 1 334 24
337 7 347 18
348 7 352 19
364 1 375 19
376 7 388 19
390 1 402 19
414 6 422 19
434 7 452 19
455 1 459 19
461 7 473 19
475 1 480 18
482 7 501 19
503 7 513 19
514 0 519 19
521 7 533 19
534 7 546 19
548 7 567 19
579 7 591 19
592 1 605 20
606 7 616 19
618 1 622 19
622 2 628 25
630 7 640 20
642 7 654 19
656 8 667 20
669 2 677 20
678 3 689 19
690 8 702 20
713 2 727 21
738 3 743 21
744 8 754 20
756 8 775 20
776 8 787 21
788 2 801 21
802 9 814 21
826 9 835 21
835 9 848 21
848 8 860 21
861 3 874 21
875 3 881 21
883 2 896 21
906 2 920 21
920 8 933 20
933 3 939 21
939 3 946 26
948 9 961 21
