0 2 5 19
6 8 15 20
17 8 28 25
30 8 38 20
39 7 49 20
49 8 61 20
62 8 74 20
76 3 81 20
83 1 95 20
102 1 113 20
114 8 125 20
127 2 139 20
141 8 153 20
155 3 160 19
161 1 173 20
181 8 189 20
191 3 196 20
196 3 201 25
203 8 213 20
216 2 225 20
227 3 232 20
240 8 259 20
260 8 272 20
272 2 282 20
284 8 294 20
300 3 306 20
307 8 315 20
317 8 328 26
330 9 338 20
340 9 349 20
349 9 361 21
363 4 367 21
369 6 376 21
378 3 383 21
391 0 397 26
400 2 407 25
408 2 421 21
428 13 440 16
450 4 458 21
461 2 467 25
470 3 477 22
478 4 489 21
491 0 498 26
507 9 518 27
520 9 532 21
534 8 545 26
546 9 554 21
555 9 566 21
567 4 575 21
577 9 587 21
588 3 599 21
601 9 611 21
613 18 616 21
