0 7 8 19
9 7 19 19
20 1 29 19
28 7 37 19
39 7 47 19
48 7 58 19
60 7 72 19
73 4 80 20
82 8 94 20
95 7 107 20
114 0 126 19
126 7 138 19
140 1 152 19
153 7 165 19
167 7 179 19
186 7 195 19
196 2 201 19
202 2 207 25
209 7 219 19
220 1 230 19
238 8 250 19
252 7 261 19
263 7 282 19
284 7 293 19
295 7 314 19
315 7 327 19
336 2 344 19
348 3 356 20
361 2 368 19
374 3 381 20
386 2 394 20
397 15 401 22
409 2 419 19
420 3 425 19
428 8 446 19
448 8 458 20
465 2 477 20
479 7 491 20
492 1 504 20
506 2 510 20
511 2 516 25
518 7 529 20
530 7 550 19
550 7 562 20
570 7 578 20
580 3 584 20
586 7 606 19
607 8 617 20
618 5 625 20
627 7 635 20
636 3 641 20
643 2 653 20
655 8 667 20
668 8 680 20
688 8 695 20
697 2 702 20
704 3 708 20
710 2 721 20
723 8 734 20
736 9 740 20
