0 1 17 19
17 7 27 19
28 6 38 19
40 7 51 19
51 1 60 19
62 2 67 19
77 6 88 19
98 6 110 19
111 0 123 19
125 7 134 19
136 2 141 18
142 7 150 18
160 0 172 18
174 7 184 18
193 1 198 24
200 6 210 18
219 7 230 18
231 1 236 24
238 6 248 18
250 6 258 18
259 6 270 18
271 1 276 24
279 7 288 18
290 3 297 19
297 6 310 18
311 6 322 19
324 6 332 19
334 4 341 19
351 7 362 25
365 7 376 19
377 2 382 25
385 7 394 19
395 7 406 19
407 7 417 19
427 7 438 19
440 2 445 19
446 1 454 19
456 7 466 19
467 7 475 19
478 4 484 19
486 7 494 19
496 7 508 19
509 0 521 19
521 7 531 19
542 7 553 25
555 7 566 19
568 6 580 25
581 7 589 19
590 7 600 19
602 2 610 19
611 1 623 20
623 8 633 19
644 8 656 19
657 8 668 20
670 1 682 20
684 3 688 20
689 2 699 20
701 8 711 20
712 3 716 25
719 7 729 20
731 8 743 20
744 7 756 20
767 8 785 20
787 8 797 20
799 8 811 19
811 3 816 25
819 8 828 20
839 8 850 20
852 1 864 20
874 8 885 20
886 3 890 26
893 8 902 20
904 8 912 20
913 6 925 20
926 3 930 26
933 8 942 20
944 5 951 20
952 13 958 15
