0 8 12 19
14 7 24 19
26 7 34 19
36 4 43 19
45 2 50 19
60 7 72 24
73 7 85 19
86 2 90 24
93 7 103 19
103 7 114 19
115 7 125 19
136 7 155 19
157 7 166 19
168 7 180 19
180 2 186 24
188 7 198 19
209 6 220 24
222 6 234 19
235 6 246 25
248 7 256 19
257 6 267 19
268 2 276 19
278 0 289 19
290 7 300 19
301 15 305 21
316 7 328 19
328 7 340 19
342 2 347 19
347 2 352 24
354 7 364 19
366 1 377 19
387 2 397 19
399 7 409 20
419 7 427 20
429 8 439 19
450 7 462 25
464 8 472 19
473 7 483 19
485 4 492 19
493 7 504 25
507 7 518 19
520 7 528 19
530 4 537 19
538 7 548 19
548 8 560 20
561 1 566 19
566 2 571 25
574 7 584 19
585 4 592 20
593 3 598 20
609 1 621 20
623 8 632 20
642 3 647 25
649 7 660 20
670 2 682 20
683 8 695 20
697 3 705 20
707 2 712 20
713 8 724 20
735 2 748 20
749 7 760 20
772 8 790 20
793 3 798 20
800 8 812 20
814 3 818 20
821 9 840 20
841 8 851 20
853 2 858 20
859 8 872 20
873 8 884 21
886 8 897 26
907 2 919 21
920 8 928 20
930 8 942 21
942 3 947 26
949 8 959 20
