0 6 11 24
13 6 21 18
22 6 33 19
36 7 54 19
56 1 61 19
62 1 67 24
69 7 79 18
80 7 92 18
93 1 98 24
100 6 110 18
112 6 124 18
125 1 130 18
132 0 144 18
151 0 162 18
164 1 169 18
170 3 177 18
179 6 191 18
191 6 202 18
204 6 213 18
216 14 219 18
227 1 241 18
242 0 254 18
256 6 267 18
268 6 280 24
286 3 293 18
294 6 305 18
307 6 318 24
319 6 329 18
336 1 345 18
347 7 356 18
364 7 372 19
374 7 384 19
391 1 396 19
398 6 407 18
409 7 417 19
419 7 428 19
429 1 439 19
442 7 454 19
456 7 468 19
470 7 479 19
481 4 488 19
489 2 494 19
501 7 513 18
515 0 526 18
528 7 538 18
540 0 545 18
545 2 550 24
552 7 563 19
564 7 577 18
577 7 589 19
591 7 600 19
601 4 608 19
615 7 627 24
628 7 636 19
638 2 643 19
645 7 664 19
665 1 670 19
671 2 676 25
678 7 689 19
690 7 702 19
703 7 713 19
720 8 729 19
730 2 735 19
736 2 741 25
743 7 753 19
755 2 765 19
767 2 772 20
778 1 790 20
792 7 804 20
811 7 819 20
820 8 832 19
833 8 842 20
844 1 855 20
856 8 867 20
874 3 879 20
880 8 888 20
890 8 902 25
903 8 911 19
913 8 923 19
923 8 935 20
936 8 948 20
949 8 959 20
