0 0 12 19
13 6 24 19
26 0 38 19
40 7 51 19
53 6 63 19
69 7 78 19
79 2 84 19
85 2 90 24
92 6 102 19
104 1 113 19
115 2 121 19
121 14 126 21
133 1 138 18
144 0 155 18
157 7 166 18
167 6 179 18
186 6 198 24
199 7 208 18
209 7 219 18
219 7 230 18
232 7 242 18
248 7 260 24
261 6 273 18
275 7 283 18
284 0 290 18
291 7 301 18
302 7 314 19
316 6 325 18
332 0 343 19
344 6 356 19
358 0 370 19
372 7 384 19
385 7 395 19
402 7 410 19
412 2 417 19
417 2 422 24
425 7 435 19
437 1 446 19
453 1 465 19
467 2 471 19
473 4 480 19
487 1 496 19
497 6 508 19
514 7 526 19
528 7 538 19
539 7 549 19
551 4 558 19
559 7 569 19
575 7 587 19
589 7 601 19
603 8 612 19
619 2 624 19
626 7 634 19
635 8 647 25
649 8 657 19
659 8 668 19
669 8 681 20
682 8 694 20
695 8 705 20
712 1 723 20
724 8 736 20
737 2 750 20
751 8 763 20
765 8 775 20
782 8 790 20
791 3 796 20
797 3 802 26
804 8 814 20
816 2 826 20
833 2 844 20
845 8 857 21
858 3 862 26
865 8 875 21
881 3 886 20
888 8 907 20
909 9 918 20
926 8 944 20
946 3 951 20
953 13 960 15
