0 7 12 18
14 1 19 18
20 6 39 18
41 6 50 18
52 0 57 18
59 6 70 18
73 6 84 19
92 6 103 19
104 0 117 19
118 6 128 18
129 0 135 19
134 1 139 23
142 6 152 18
154 6 166 18
167 6 179 18
180 6 189 18
190 3 197 18
199 15 203 18
211 1 223 18
224 6 233 18
234 1 240 18
241 6 260 18
260 1 265 23
268 6 278 18
279 7 287 18
289 1 294 18
295 6 305 17
306 6 316 18
317 14 321 21
335 6 345 18
346 0 358 18
358 6 370 19
376 2 382 24
384 6 394 19
402 6 414 24
415 7 423 19
425 1 430 19
432 7 451 19
453 0 457 18
458 1 463 24
466 7 476 18
478 6 490 18
491 6 501 18
509 0 520 19
520 6 532 19
534 0 547 19
548 6 560 19
562 7 571 19
579 7 588 19
589 2 594 19
594 2 600 24
602 6 612 19
614 1 624 19
638 2 646 19
649 2 660 19
663 2 671 19
674 2 686 20
688 3 696 20
699 15 703 22
711 8 719 20
720 7 730 19
732 2 742 20
744 8 755 20
757 8 769 20
771 8 781 20
783 8 802 20
803 8 815 20
822 8 834 20
836 2 848 20
850 8 859 20
861 1 866 20
867 3 872 26
874 7 884 20
886 8 898 20
899 8 911 20
912 8 921 20
923 6 930 20
931 3 936 20
937 9 941 20
