0 1 17 19
19 7 29 19
30 0 41 19
43 1 47 20
49 7 59 20
60 15 64 22
75 7 86 25
88 8 96 19
97 8 107 19
109 4 115 19
117 7 128 25
130 7 142 19
143 7 152 19
153 4 160 19
161 7 171 19
171 7 183 19
185 2 190 19
191 4 198 19
209 1 218 19
219 7 229 19
231 7 250 19
251 7 263 19
273 1 286 20
287 7 296 19
306 2 310 25
313 7 323 19
334 7 345 25
347 7 358 19
360 7 368 19
370 1 375 19
377 8 386 19
389 8 401 19
402 7 411 19
423 1 434 19
435 7 446 20
448 1 460 20
462 7 474 20
476 7 485 19
497 7 505 20
506 2 511 20
511 2 517 25
519 7 530 19
531 2 541 19
553 2 561 19
565 3 573 20
578 3 586 20
591 3 599 20
603 3 611 20
614 16 618 23
629 3 637 21
638 5 645 21
647 8 658 21
669 9 680 21
682 3 694 21
695 9 706 27
707 9 719 21
720 9 731 21
733 9 742 21
744 9 752 21
754 9 763 21
774 9 785 27
788 9 800 22
801 3 813 22
815 10 825 21
826 6 833 21
834 3 846 22
848 9 859 22
871 5 879 22
883 18 886 22
897 4 915 22
916 9 925 21
936 6 943 22
945 10 954 22
955 4 960 27
