0 7 12 18
14 6 24 18
25 1 35 18
37 1 42 18
44 7 55 19
64 0 75 19
76 6 88 19
89 0 102 19
110 1 120 19
121 6 131 19
140 6 151 24
153 6 164 18
166 6 178 18
180 7 190 18
191 0 203 18
205 7 214 18
216 7 228 18
229 6 241 18
250 1 255 18
257 7 265 19
266 7 278 24
279 7 288 18
289 7 299 18
299 6 310 18
311 0 316 18
316 2 321 24
324 6 334 18
335 3 342 19
344 2 348 19
357 6 365 19
366 7 378 19
379 7 389 19
391 0 402 19
403 7 415 19
423 2 428 25
430 7 440 19
442 1 454 19
456 7 468 18
469 7 481 19
483 6 491 19
493 3 500 19
502 6 510 19
511 7 523 19
525 0 536 19
537 7 549 19
558 7 570 25
572 7 584 19
585 7 596 25
597 8 606 19
607 7 617 19
618 2 626 20
628 1 639 20
640 8 652 20
654 16 658 22
667 3 671 20
681 8 689 20
689 8 701 20
702 9 712 20
713 2 725 20
726 9 738 20
747 3 759 21
760 9 771 21
772 8 784 21
785 8 793 21
796 6 802 21
804 8 812 21
814 9 825 21
827 2 838 21
840 9 852 21
861 9 873 27
875 9 886 21
888 9 899 27
900 9 908 21
909 9 920 21
921 3 929 21
930 3 942 21
943 9 955 21
957 17 960 24
