0 1 14 18
16 6 26 18
28 0 39 18
40 6 51 19
59 7 71 19
73 2 78 19
80 4 86 19
89 2 93 19
98 7 113 24
120 7 132 19
134 2 138 19
140 4 147 19
148 2 153 19
163 2 186 19
190 7 202 19
203 7 213 19
221 7 239 19
241 7 253 19
254 7 265 25
267 7 278 19
286 1 297 19
299 2 303 19
305 5 312 19
313 2 318 19
325 2 337 19
338 16 342 22
349 8 357 20
359 1 364 20
366 3 370 20
370 3 375 26
378 8 388 20
389 2 401 20
403 3 408 19
415 1 426 20
429 8 438 20
444 3 449 25
451 8 461 20
469 5 476 20
478 9 485 20
486 8 496 20
497 3 507 20
510 4 514 20
521 3 531 21
533 2 538 21
540 9 550 20
551 8 563 20
570 4 575 26
577 8 587 21
589 2 601 21
603 9 614 21
616 9 625 21
627 3 638 21
645 4 657 21
658 17 661 23
670 9 681 27
683 9 692 21
700 4 705 21
707 9 725 20
727 9 737 21
738 9 757 21
759 9 770 22
772 10 775 21
