0 1 18 19
20 0 32 19
33 7 43 19
44 7 54 18
56 0 68 19
70 6 80 19
87 7 99 19
101 1 112 19
114 7 133 19
135 8 145 19
146 1 159 19
165 7 173 19
175 1 180 19
182 2 186 19
187 2 192 24
194 7 204 19
205 1 217 19
219 2 224 19
232 2 236 19
244 1 263 19
269 7 280 19
281 7 292 19
294 7 302 19
303 2 311 19
313 5 319 19
321 8 330 19
331 8 342 19
343 8 353 20
354 8 366 20
366 3 371 25
374 7 384 20
386 8 404 20
412 8 423 20
431 8 442 26
444 8 455 20
457 3 467 20
468 8 478 20
480 5 487 20
488 8 500 20
502 9 513 21
521 9 529 21
531 9 542 21
545 9 556 26
558 8 566 21
568 6 575 21
576 4 580 20
583 6 589 21
591 9 602 21
604 9 613 21
616 4 620 21
620 4 625 26
629 9 640 21
642 10 645 20
